16/03/2017 14:42

42,59
67,09
0
0
1
1

42,59
67,09
0
0
1
1

42,59
67,09
0
0
1
1

42,59
67,09
0
0
1
1

42,59
67,09
0
0
1
1

42,59
67,09
0
0
1
1

42,59
67,09
0
0
1
1

42,59
67,09
0
0
1
1

42,59
67,09
0
0
1
1

42,59
67,09
0
0
1
1

42,59
67,09
0
0
1
1

42,59
67,09
0
0
1
1

42,59
67,09
0
0
1
1

42,59
67,09
0
0
1
1

42,59
67,09
0
0
1
1

42,59
67,09
0
0
1
1

42,59
67,09
0
0
1
1

42,59
67,09
0
0
1
1

42,59
67,09
0
0
1
1

42,59
67,09
0
0
1
1

42,59
67,09
0
0
1
1

42,59
67,09
0
0
1
1

42,59
67,09
0
0
1
1

42,59
67,09
0
0
1
1

42,59
67,09
0
0
1
1

42,59
67,09
0
0
1
1

42,59
67,09
0
0
1
1

42,59
67,09
0
0
1
1

42,59
67,09
0
0
1
1

42,59
67,09
0
0
1
1

42,59
67,09
0
0
1
1

42,59
67,09
0
0
1
1

42,59
67,09
0
0
1
1

42,59
67,09
0
0
1
1

42,59
67,09
0
0
1
1

42,59
67,09
0
0
1
1

42,59
67,09
0
0
1
1

42,59
67,09
0
0
1
1

42,59
67,09
0
0
1
1

42,59
67,09
0
0
1
1

42,59
67,09
0
0
1
1

42,59
67,09
0
0
1
1

42,59
67,09
0
0
1
1

42,59
67,09
0
0
1
1

42,59
67,09
0
0
1
5

42,59
67,09
0
0
1
5

42,59
67,09
0
0
1
5

42,59
67,09
0
0
1
5

42,59
67,09
0
0
1
5

42,59
67,09
0
0
1
5

42,59
67,09
0
0
1
5

42,59
67,09
0
0
1
5

42,59
67,09
0
0
1
5

42,59
67,09
0
0
1
5

42,59
67,09
0
0
1
5

42,59
67,09
0
0
1
5

42,59
67,09
0
0
1
5

42,59
67,09
0
0
1
5

42,59
67,09
0
0
1
5

42,59
67,09
0
0
1
10

42,59
67,09
0
0
1
10

42,59
67,09
0
0
1
10

42,59
67,09
0
0
1
10

42,59
67,09
0
0
1
10

42,59
67,09
0
0
1
10

42,59
67,09
0
0
1
10

42,59
67,09
0
0
1
10

42,59
67,09
0
0
1
10

42,59
67,09
0
0
1
10

42,59
67,09
0
0
1
10

42,59
67,09
0
0
1
10

42,59
67,09
0
0
1
10

42,59
67,09
0
0
1
10

42,59
67,09
0
0
1
10

42,59
67,09
0
0
1
15

42,59
67,09
0
0
1
15

42,59
67,09
0
0
1
15

42,59
67,09
0
0
1
15

42,59
67,09
0
0
1
15

42,59
67,09
0
0
1
15

42,59
67,09
0
0
1
15

42,59
67,09
0
0
1
15

42,59
67,09
0
0
1
15

42,59
67,09
0
0
1
15

42,59
67,09
0
0
1
15

42,59
67,09
0
0
1
15

42,59
67,09
0
0
1
15

42,59
67,09
0
0
1
15

42,59
67,09
0
0
1
15

42,59
67,09
0
0
1
20

42,59
67,09
0
0
1
20

42,59
67,09
0
0
1
20

42,59
67,09
0
-4
1
20

42,59
67,09
0
0
1
20

42,59
67,09
0
-4
1
20

42,59
67,09
0
-4
1
20

42,59
67,09
0
0
1
20

42,59
67,08
0
-4
1
20

42,59
67,08
0
-4
1
20

42,59
67,07
0
0
1
20

42,59
67,06
0
0
1
20

42,59
67,06
0
0
1
20

42,59
67,05
0
0
1
20

42,59
67,04
0
0
1
20

42,59
67,03
0
0
1
25

42,59
67,02
0
0
1
25

42,59
67
0
-4
1
25

42,59
66,99
0
-4
1
25

42,6
66,98
0
0
1
25

42,6
66,97
0
0
1
25

42,6
66,95
0
0
1
25

42,6
66,94
0
0
1
25

42,6
66,92
0
0
1
25

42,6
66,9
0
0
1
25

42,6
66,89
0
0
1
25

42,6
66,87
0
0
1
25

42,6
66,86
0
0
1
25

42,6
66,84
0
0
1
25

42,6
66,83
0
0
1
25

42,6
66,82
0
0
1
30

42,6
66,8
0
0
1
30

42,6
66,79
0
0
1
30

42,61
66,77
0
0
1
30

42,61
66,76
0
0
1
30

42,61
66,75
0
0
1
30

42,61
66,73
0
0
1
30

42,61
66,72
0
0
1
30

42,61
66,7
0
0
1
30

42,62
66,69
0
0
1
30

42,62
66,68
0
0
1
30

42,62
66,66
0
0
1
30

42,62
66,65
0
0
1
30

42,62
66,63
0
0
1
30

42,63
66,62
0
0
1
30

42,63
66,61
0
0
1
35

42,63
66,59
0
0
1
35

42,63
66,58
0
0
1
35

42,64
66,57
0
0
1
35

42,64
66,56
0
0
1
35

42,64
66,55
0
0
1
35

42,64
66,53
0
0
1
35

42,65
66,52
0
0
1
35

42,65
66,51
0
0
1
35

42,65
66,5
0
0
1
35

42,66
66,49
0
0
1
35

42,66
66,47
0
0
1
35

42,66
66,46
0
0
1
35

42,66
66,45
0
0
1
35

42,67
66,44
0
0
1
35

42,67
66,43
0
4
1
30

42,67
66,42
0
0
1
30

42,68
66,41
0
0
1
30

42,68
66,4
0
0
1
30

42,68
66,39
0
0
1
30

42,69
66,38
0
4
1
30

42,69
66,38
0
0
1
30

42,69
66,37
0
0
1
30

42,7
66,37
0
4
1
30

42,7
66,36
0
4
1
30

42,7
66,36
0
4
1
30

42,71
66,36
0
4
1
30

42,71
66,36
0
4
1
30

42,72
66,36
0
0
1
30

42,72
66,37
0
0
1
30

42,72
66,37
0
0
1
35

42,73
66,38
0
0
1
35

42,73
66,39
0
0
1
35

42,73
66,4
0
0
1
35

42,74
66,4
0
0
1
35

42,74
66,41
0
0
1
35

42,74
66,42
0
0
1
35

42,75
66,43
0
0
1
35

42,75
66,44
0
0
1
35

42,76
66,45
0
4
1
35

42,76
66,46
0
4
1
35

42,76
66,46
0
0
1
35

42,77
66,48
0
0
1
35

42,77
66,49
0
0
1
35

42,77
66,5
0
0
1
35

42,77
66,51
0
0
1
40

42,78
66,52
0
0
1
40

42,78
66,53
0
0
1
40

42,78
66,55
0
0
1
40

42,79
66,56
0
0
1
40

42,79
66,57
0
0
1
40

42,79
66,58
0
0
1
40

42,79
66,59
0
0
1
40

42,8
66,6
0
0
1
40

42,8
66,61
0
0
1
40

42,8
66,62
0
0
1
40

42,8
66,63
0
0
1
40

42,81
66,64
0
0
1
40

42,81
66,66
0
0
1
40

42,81
66,67
0
0
1
40

42,81
66,68
0
0
1
45

42,81
66,69
0
0
1
45

42,82
66,7
0
0
1
45

42,82
66,71
0
0
1
45

42,82
66,72
0
0
1
45

42,82
66,73
0
0
1
45

42,82
66,74
0
0
1
45

42,82
66,75
0
0
1
45

42,83
66,76
0
0
1
45

42,83
66,77
0
0
1
45

42,83
66,78
0
0
1
45

42,83
66,79
0
0
1
45

42,83
66,8
0
0
1
45

42,83
66,81
0
0
1
45

42,83
66,81
0
0
1
45

42,84
66,82
0
0
1
50

42,84
66,83
0
0
1
50

42,84
66,84
0
0
1
50

42,84
66,85
0
0
1
50

42,84
66,86
0
0
1
50

42,84
66,87
0
0
1
50

42,84
66,88
0
0
1
50

42,84
66,89
0
0
1
50

42,85
66,89
0
0
1
50

42,85
66,9
0
0
1
50

42,85
66,91
0
0
1
50

42,85
66,92
0
0
1
50

42,85
66,93
0
0
1
50

42,85
66,94
0
0
1
50

42,85
66,95
0
0
1
50

42,85
66,95
0
0
1
45

42,85
66,96
0
0
1
45

42,85
66,97
0
0
1
45

42,85
66,98
0
0
1
45

42,85
66,99
0
0
1
45

42,85
66,99
0
0
1
45

42,86
67
0
0
1
45

42,86
67,01
0
0
1
45

42,86
67,02
0
0
1
45

42,86
67,03
0
0
1
45

42,86
67,03
0
0
1
45

42,86
67,04
0
0
1
45

42,86
67,05
0
0
1
45

42,86
67,05
0
0
1
45

42,86
67,06
0
0
1
45

42,86
67,07
0
0
1
50

42,86
67,08
0
0
1
50

42,86
67,08
0
0
1
50

42,86
67,09
0
0
1
50

42,86
67,1
0
0
1
50

42,86
67,1
0
0
1
50

42,86
67,1
0
0
1
50

42,86
67,1
0
0
1
50

42,86
67,1
0
0
1
50

42,86
67,1
0
0
1
50

42,86
67,1
0
0
1
50

42,86
67,1
0
0
1
50

42,86
67,1
0
0
1
50

42,86
67,1
0
0
1
50

42,86
67,1
0
0
1
50

42,86
67,1
0
0
1
55

42,86
67,1
0
0
1
55

42,86
67,1
0
0
1
55

42,86
67,1
0
0
1
55

42,86
67,1
0
0
1
55

42,86
67,1
0
0
1
55

42,86
67,1
0
0
1
55

42,86
67,1
0
0
1
55

42,86
67,1
0
0
1
55

42,86
67,1
0
0
1
55

42,86
67,1
0
0
1
55

42,86
67,1
0
0
1
55

42,86
67,1
0
0
1
55

42,86
67,1
0
0
1
55

42,86
67,1
0
0
1
55

42,86
67,1
0
0
1
60

42,86
67,1
0
0
1
60

42,86
67,1
0
0
1
60

42,86
67,1
0
0
1
60

42,86
67,1
0
0
1
60

42,86
67,1
0
0
1
60

42,86
67,1
0
0
1
60

42,86
67,1
0
0
1
60

42,86
67,1
0
0
1
60

42,86
67,1
0
0
1
60

42,86
67,1
0
0
1
60

42,86
67,1
0
0
1
60

42,86
67,1
0
0
1
60

42,86
67,1
0
0
1
60

42,86
67,1
0
0
1
60

42,86
67,1
0
0
1
65

42,86
67,1
0
0
1
65

42,86
67,1
0
0
1
65

42,86
67,1
0
0
1
65

42,86
67,1
0
0
1
65

42,86
67,1
0
0
1
65

42,86
67,1
0
0
1
65

42,86
67,1
0
0
1
65

42,86
67,1
0
0
1
65

42,86
67,1
0
0
1
65

42,86
67,1
0
0
1
65

42,86
67,1
0
0
1
65

42,86
67,1
0
0
1
65

42,86
67,1
0
0
1
65

42,86
67,1
0
0
1
65

42,86
67,1
0
0
1
70

42,86
67,1
0
0
1
70

42,86
67,1
0
0
1
70

42,86
67,1
0
0
1
70

42,86
67,1
0
0
1
70

42,86
67,1
0
0
1
70

42,86
67,1
0
0
1
70

42,86
67,1
0
0
1
70

42,86
67,1
0
0
1
70

42,86
67,1
0
0
1
70

42,86
67,1
0
0
1
70

42,86
67,1
0
0
1
70

42,86
67,1
0
0
1
70

42,86
67,1
0
0
1
70

42,86
67,1
0
0
1
70

42,86
67,1
0
0
1
75

42,86
67,1
0
0
1
75

42,86
67,1
0
0
1
75

42,86
67,1
0
0
1
75

42,86
67,1
0
0
1
75

42,86
67,1
0
0
1
75

42,86
67,1
0
0
1
75

42,86
67,1
0
0
1
75

42,86
67,1
0
0
1
75

42,86
67,1
0
0
1
75

42,86
67,1
0
0
1
75

42,86
67,1
0
0
1
75

42,86
67,1
0
0
1
75

42,86
67,1
0
0
1
75

42,86
67,1
0
0
1
75

42,86
67,09
0
0
1
80

42,86
67,09
0
0
1
80

42,86
67,09
0
0
1
80

42,86
67,09
0
0
1
80

42,86
67,09
0
0
1
80

42,86
67,09
0
0
1
80

42,86
67,09
0
0
1
80

42,86
67,09
0
0
1
80

42,86
67,09
0
0
1
80

42,86
67,09
0
0
1
80

42,86
67,09
0
0
1
80

42,86
67,09
0
0
1
80

42,86
67,09
0
0
1
80

42,86
67,09
0
0
1
80

42,86
67,09
0
0
1
80

42,86
67,09
0
0
1
75

42,86
67,09
0
0
1
75

42,86
67,09
0
0
1
75

42,86
67,09
0
0
1
75

42,86
67,09
0
0
1
75

42,86
67,09
0
0
1
75

42,86
67,09
0
0
1
75

42,86
67,09
0
0
1
75

42,86
67,09
0
0
1
75

42,85
67,09
0
0
1
75

42,85
67,09
0
0
1
75

42,85
67,09
0
0
1
75

42,85
67,09
0
0
1
75

42,85
67,09
0
0
1
75

42,85
67,09
0
0
1
75

42,85
67,09
0
0
1
70

42,85
67,09
0
0
1
70

42,85
67,09
0
0
1
70

42,85
67,09
0
0
1
70

42,85
67,09
0
0
1
70

42,85
67,09
0
0
1
70

42,85
67,09
0
0
1
70

42,85
67,09
0
0
1
70

42,85
67,08
0
0
1
70

42,85
67,08
0
0
1
70

42,85
67,08
0
0
1
70

42,85
67,08
0
0
1
70

42,85
67,08
0
0
1
70

42,85
67,08
0
0
1
70

42,85
67,08
0
0
1
70

42,85
67,08
0
0
1
65

42,85
67,08
0
0
1
65

42,85
67,08
0
0
1
65

42,85
67,08
0
0
1
65

42,85
67,08
0
0
1
65

42,85
67,08
0
0
1
65

42,85
67,08
0
0
1
65

42,85
67,08
0
0
1
65

42,85
67,08
0
0
1
65

42,85
67,08
0
0
1
65

42,85
67,08
0
0
1
65

42,85
67,08
0
0
1
65

42,85
67,08
0
0
1
65

42,85
67,08
0
0
1
65

42,85
67,08
0
0
1
65

42,85
67,08
0
0
1
70

42,85
67,08
0
0
1
70

42,85
67,08
0
0
1
70

42,85
67,08
0
0
1
70

42,85
67,08
0
0
1
70

42,85
67,08
0
0
1
70

42,85
67,08
0
0
1
70

42,85
67,08
0
0
1
70

42,85
67,08
0
0
1
70

42,85
67,08
0
0
1
70

42,85
67,07
0
0
1
70

42,85
67,07
0
0
1
70

42,85
67,07
0
0
1
70

42,85
67,07
0
0
1
70

42,85
67,07
0
0
1
70

42,85
67,07
0
0
1
75

42,85
67,07
0
0
1
75

42,85
67,07
0
0
1
75

42,85
67,07
0
0
1
75

42,85
67,07
0
0
1
75

42,85
67,07
0
0
1
75

42,85
67,07
0
0
1
75

42,85
67,07
0
0
1
75

42,85
67,07
0
0
1
75

42,85
67,07
0
0
1
75

42,85
67,07
0
0
1
75

42,84
67,07
0
0
1
75

42,84
67,07
0
0
1
75

42,84
67,07
0
0
1
75

42,84
67,07
0
0
1
75

42,84
67,07
0
0
1
70

42,84
67,07
0
0
1
70

42,84
67,07
0
0
1
70

42,84
67,07
0
0
1
70

42,84
67,07
0
0
1
70

42,84
67,07
0
0
1
70

42,84
67,07
0
0
1
70

42,84
67,07
0
0
1
70

42,84
67,07
0
0
1
70

42,84
67,07
0
0
1
70

42,84
67,07
0
0
1
70

42,84
67,06
0
0
1
70

42,84
67,06
0
0
1
70

42,84
67,06
0
0
1
70

42,84
67,06
0
0
1
70

42,84
67,06
0
0
1
65

42,84
67,06
0
0
1
65

42,84
67,06
0
0
1
65

42,84
67,06
0
0
1
65

42,84
67,06
0
0
1
65

42,84
67,06
0
0
1
65

42,84
67,06
0
0
1
65

42,84
67,06
0
0
1
65

42,84
67,06
0
0
1
65

42,84
67,06
0
0
1
65

42,84
67,06
0
0
1
65

42,84
67,06
0
0
1
65

42,84
67,06
0
0
1
65

42,84
67,06
0
0
1
65

42,84
67,06
0
0
1
65

42,84
67,06
0
0
1
60

42,84
67,06
0
0
1
60

42,84
67,06
0
0
1
60

42,84
67,06
0
0
1
60

42,84
67,06
0
0
1
60

42,84
67,06
0
0
1
60

42,84
67,06
0
0
1
60

42,84
67,06
0
0
1
60

42,84
67,06
0
0
1
60

42,84
67,06
0
0
1
60

42,84
67,06
0
0
1
60

42,84
67,06
0
0
1
60

42,84
67,05
0
0
1
60

42,84
67,05
0
0
1
60

42,84
67,05
0
0
1
60

42,84
67,05
0
0
1
65

42,84
67,05
0
0
1
65

42,84
67,05
0
0
1
65

42,84
67,05
0
0
1
65

42,83
67,05
0
0
1
65

42,83
67,05
0
0
1
65

42,83
67,05
0
0
1
65

42,83
67,05
0
0
1
65

42,83
67,05
0
0
1
65

42,83
67,05
0
0
1
65

42,83
67,05
0
0
1
65

42,83
67,05
0
0
1
65

42,83
67,05
0
0
1
65

42,83
67,05
0
0
1
65

42,83
67,05
0
0
1
65

42,83
67,05
0
0
1
60

42,83
67,05
0
0
1
60

42,83
67,05
0
0
1
60

42,83
67,05
0
0
1
60

42,83
67,05
0
0
1
60

42,83
67,05
0
0
1
60

42,83
67,05
0
0
1
60

42,83
67,05
0
0
1
60

42,83
67,05
0
0
1
60

42,83
67,05
0
0
1
60

42,83
67,05
0
0
1
60

42,83
67,05
0
0
1
60

42,83
67,05
0
0
1
60

42,83
67,04
0
0
1
60

42,83
67,04
0
0
1
60

42,83
67,04
0
0
1
65

42,83
67,04
0
0
1
65

42,83
67,04
0
0
1
65

42,83
67,04
0
0
1
65

42,83
67,04
0
0
1
65

42,83
67,04
0
0
1
65

42,83
67,04
0
0
1
65

42,83
67,04
0
0
1
65

42,83
67,04
0
0
1
65

42,83
67,04
0
0
1
65

42,83
67,04
0
0
1
65

42,83
67,04
0
0
1
65

42,83
67,04
0
0
1
65

42,83
67,04
0
0
1
65

42,83
67,04
0
0
1
65

42,83
67,04
0
0
1
70

42,83
67,04
0
0
1
70

42,83
67,04
0
0
1
70

42,83
67,04
0
0
1
70

42,83
67,04
0
0
1
70

42,83
67,04
0
0
1
70

42,83
67,04
0
0
1
70

42,83
67,04
0
0
1
70

42,83
67,04
0
0
1
70

42,83
67,04
0
0
1
70

42,83
67,04
0
0
1
70

42,83
67,04
0
0
1
70

42,83
67,04
0
0
1
70

42,83
67,04
0
0
1
70

42,83
67,04
0
0
1
70

42,83
67,04
0
0
1
65

42,83
67,04
0
0
1
65

42,83
67,04
0
0
1
65

42,83
67,04
0
0
1
65

42,82
67,03
0
0
1
65

42,82
67,03
0
0
1
65

42,82
67,03
0
0
1
65

42,82
67,03
0
0
1
65

42,82
67,03
0
0
1
65

42,82
67,03
0
0
1
65

42,82
67,03
0
0
1
65

42,82
67,03
0
0
1
65

42,82
67,03
0
0
1
65

42,82
67,03
0
0
1
65

42,82
67,03
0
0
1
65

42,82
67,03
0
0
1
60

42,82
67,03
0
0
1
60

42,82
67,03
0
0
1
60

42,82
67,03
0
0
1
60

42,82
67,03
0
0
1
60

42,82
67,03
0
0
1
60

42,82
67,03
0
0
1
60

42,82
67,03
0
0
1
60

42,82
67,03
0
0
1
60

42,82
67,03
0
0
1
60

42,82
67,03
0
0
1
60

42,82
67,03
0
0
1
60

42,82
67,03
0
0
1
60

42,82
67,03
0
0
1
60

42,82
67,03
0
0
1
60

42,82
67,03
0
0
1
55

42,82
67,03
0
0
1
55

42,82
67,03
0
0
1
55

42,82
67,03
0
0
1
55

42,82
67,03
0
0
1
55

42,82
67,03
0
0
1
55

42,82
67,03
0
0
1
55

42,82
67,03
0
0
1
55

42,82
67,02
0
0
1
55

42,82
67,02
0
0
1
55

42,82
67,02
0
0
1
55

42,82
67,02
0
0
1
55

42,82
67,02
0
0
1
55

42,82
67,02
0
0
1
55

42,82
67,02
0
0
1
55

42,82
67,02
0
0
1
60

42,82
67,02
0
0
1
60

42,82
67,02
0
0
1
60

42,82
67,02
0
0
1
60

42,82
67,02
0
0
1
60

42,82
67,02
0
0
1
60

42,82
67,02
0
0
1
60

42,82
67,02
0
0
1
60

42,82
67,02
0
0
1
60

42,82
67,02
0
0
1
60

42,82
67,02
0
0
1
60

42,82
67,02
0
0
1
60

42,82
67,02
0
0
1
60

42,82
67,02
0
0
1
60

42,82
67,02
0
0
1
60

42,82
67,02
0
0
1
65

42,82
67,02
0
0
1
65

42,82
67,02
0
0
1
65

42,82
67,02
0
0
1
65

42,82
67,02
0
0
1
65

42,82
67,02
0
0
1
65

42,82
67,02
0
0
1
65

42,82
67,02
0
0
1
65

42,82
67,02
0
0
1
65

42,82
67,02
0
0
1
65

42,82
67,02
0
0
1
65

42,82
67,02
0
0
1
65

42,82
67,02
0
0
1
65

42,82
67,02
0
0
1
65

42,81
67,02
0
0
1
65

42,81
67,02
0
0
1
60

42,81
67,02
0
0
1
60

42,81
67,02
0
0
1
60

42,81
67,02
0
0
1
60

42,81
67,01
0
0
1
60

42,81
67,01
0
0
1
60

42,81
67,01
0
0
1
60

42,81
67,01
0
0
1
60

42,81
67,01
0
0
1
60

42,81
67,01
0
0
1
60

42,81
67,01
0
0
1
60

42,81
67,01
0
0
1
60

42,81
67,01
0
0
1
60

42,81
67,01
0
0
1
60

42,81
67,01
0
0
1
60

42,81
67,01
0
0
1
65

42,81
67,01
0
0
1
65

42,81
67,01
0
0
1
65

42,81
67,01
0
0
1
65

42,81
67,01
0
0
1
65

42,81
67,01
0
0
1
65

42,81
67,01
0
0
1
65

42,81
67,01
0
0
1
65

42,81
67,01
0
0
1
65

42,81
67,01
0
0
1
65

42,81
67,01
0
0
1
65

42,81
67,01
0
0
1
65

42,81
67,01
0
0
1
65

42,81
67,01
0
0
1
65

42,81
67,01
0
0
1
65

42,81
67,01
0
0
1
60

42,81
67,01
0
0
1
60

42,81
67,01
0
0
1
60

42,81
67,01
0
0
1
60

42,81
67,01
0
0
1
60

42,81
67,01
0
0
1
60

42,81
67,01
0
0
1
60

42,81
67,01
0
0
1
60

42,81
67,01
0
0
1
60

42,81
67,01
0
0
1
60

42,81
67,01
0
0
1
60

42,81
67,01
0
0
1
60

42,81
67,01
0
0
1
60

42,81
67,01
0
0
1
60

42,81
67,01
0
0
1
60

42,81
67,01
0
0
1
65

42,81
67,01
0
0
1
65

42,81
67,01
0
0
1
65

42,81
67,01
0
0
1
65

42,81
67,01
0
0
1
65

42,81
67,01
0
0
1
65

42,81
67,01
0
0
1
65

42,81
67,01
0
0
1
65

42,81
67
0
0
1
65

42,81
67
0
0
1
65

42,81
67
0
0
1
65

42,81
67
0
0
1
65

42,81
67
0
0
1
65

42,81
67
0
0
1
65

42,81
67
0
0
1
65

42,81
67
0
0
1
70

42,81
67
0
0
1
70

42,81
67
0
0
1
70

42,81
67
0
0
1
70

42,81
67
0
0
1
70

42,81
67
0
0
1
70

42,81
67
0
0
1
70

42,81
67
0
0
1
70

42,81
67
0
0
1
70

42,81
67
0
0
1
70

42,81
67
0
0
1
70

42,81
67
0
0
1
70

42,81
67
0
0
1
70

42,81
67
0
0
1
70

42,81
67
0
0
1
70

42,81
67
0
0
1
75

42,81
67
0
0
1
75

42,81
67
0
0
1
75

42,81
67
0
0
0
0

42,81
67
0
0
0
0

42,81
67
0
0
0
0

42,81
67
0
0
0
0

42,81
67
0
0
0
0

42,81
67
0
0
0
0

42,81
67
0
0
0
0

42,81
67
0
0
0
0

42,81
67
0
0
0
0

42,81
67
0
0
0
0

42,81
67
0
0
0
0

42,81
67
0
0
0
0

42,81
67
0
0
0
0

42,81
66,99
0
-4
0
0

42,81
66,99
0
0
0
0

42,81
66,99
0
-4
0
0

42,81
66,99
0
0
0
0

42,81
66,99
0
0
0
0

42,81
66,98
0
0
0
0

42,81
66,98
0
0
0
0

42,81
66,97
0
0
0
0

42,81
66,97
0
-4
0
0

42,81
66,96
0
-4
0
0

42,81
66,95
0
-4
0
0

42,81
66,95
0
0
0
0

42,81
66,94
0
0
0
0

42,81
66,93
0
0
0
0

42,81
66,91
0
0
0
0

42,81
66,9
0
0
0
0

42,81
66,89
0
-4
0
0

42,81
66,88
0
-4
0
0

42,81
66,87
0
0
0
0

42,81
66,85
0
-4
0
0

42,81
66,84
0
0
0
0

42,81
66,82
0
0
0
0

42,81
66,8
0
0
0
0

42,81
66,78
0
0
0
0

42,81
66,76
0
0
0
0

42,81
66,74
0
0
0
0

42,81
66,72
0
-4
0
0

42,81
66,71
0
0
0
0

42,81
66,68
0
0
0
0

42,81
66,66
0
0
0
0

42,81
66,64
0
0
0
0

42,82
66,62
0
0
0
0

42,82
66,6
0
0
0
0

42,82
66,58
0
0
0
0

42,82
66,56
0
0
0
0

42,82
66,55
0
0
0
0

42,82
66,53
0
0
0
0

42,82
66,51
0
0
0
0

42,83
66,49
0
0
0
0

42,83
66,47
0
0
0
0

42,83
66,45
0
0
0
0

42,83
66,43
0
0
0
0

42,84
66,41
0
0
0
0

42,84
66,4
0
0
0
0

42,84
66,38
0
0
0
0

42,84
66,36
0
0
0
0

42,85
66,34
0
0
0
0

42,85
66,33
0
0
0
0

42,85
66,31
0
0
0
0

42,86
66,29
0
0
0
0

42,86
66,28
0
0
0
0

42,86
66,26
0
0
0
0

42,87
66,24
0
0
0
0

42,87
66,22
0
0
0
0

42,87
66,21
0
0
0
0

42,88
66,19
0
0
0
0

42,88
66,17
0
0
0
0

42,88
66,16
0
0
0
0

42,89
66,14
0
0
0
0

42,89
66,13
0
0
0
0

42,9
66,11
0
0
0
0

42,9
66,09
0
0
0
0

42,91
66,08
0
0
0
0

42,91
66,06
0
0
0
0

42,91
66,05
0
0
0
0

42,92
66,03
0
0
0
0

42,92
66,02
0
0
0
0

42,93
66
0
0
0
0

42,93
65,99
0
0
0
0

42,94
65,97
0
0
0
0

42,94
65,96
0
0
0
0

42,95
65,94
0
0
0
0

42,95
65,93
0
0
0
0

42,96
65,92
0
0
0
0

42,96
65,9
0
0
0
0

42,97
65,89
0
0
0
0

42,98
65,88
0
0
0
0

42,98
65,86
0
0
0
0

42,99
65,85
0
0
0
0

42,99
65,83
0
0
0
0

43
65,82
0
0
0
0

43
65,81
0
0
0
0

43,01
65,8
0
0
0
0

43,02
65,78
0
0
0
0

43,02
65,77
0
0
0
0

43,03
65,76
0
0
0
0

43,03
65,74
0
0
0
0

43,04
65,73
0
0
0
0

43,04
65,72
0
0
0
0

43,05
65,71
0
0
0
0

43,06
65,69
0
0
0
0

43,06
65,68
0
0
0
0

43,07
65,67
0
0
0
0

43,07
65,66
0
0
0
0

43,08
65,65
0
0
0
0

43,09
65,63
0
0
0
0

43,09
65,62
0
0
0
0

43,1
65,61
0
0
0
0

43,11
65,6
0
0
0
0

43,11
65,59
0
0
0
0

43,12
65,58
0
0
0
0

43,13
65,56
0
0
0
0

43,14
65,55
0
0
0
0

43,14
65,54
0
0
0
0

43,15
65,53
0
0
0
0

43,16
65,52
0
0
0
0

43,16
65,51
0
0
0
0

43,17
65,5
0
0
0
0

43,18
65,49
0
0
0
0

43,19
65,48
0
0
0
0

43,19
65,47
0
0
0
0

43,2
65,46
0
0
0
0

43,21
65,45
0
0
0
0

43,22
65,44
0
0
0
0

43,23
65,43
0
0
0
0

43,23
65,42
0
0
0
0

43,24
65,41
0
0
0
0

43,25
65,4
0
0
0
0

43,26
65,39
0
0
0
0

43,27
65,38
0
0
0
0

43,27
65,37
0
0
0
0

43,28
65,36
0
0
0
0

43,29
65,35
0
0
0
0

43,3
65,34
0
0
0
0

43,31
65,33
0
0
0
0

43,31
65,32
0
0
0
0

43,32
65,31
0
0
0
0

43,33
65,31
0
0
0
0

43,34
65,3
0
0
0
0

43,35
65,29
0
0
0
0

43,36
65,28
0
0
0
0

43,36
65,27
0
0
0
0

43,37
65,26
0
0
0
0

43,38
65,25
0
0
0
0

43,39
65,24
0
0
0
0

43,4
65,24
0
0
0
0

43,41
65,23
0
0
0
0

43,42
65,22
0
0
0
0

43,43
65,21
0
0
0
0

43,43
65,2
0
0
0
0

43,44
65,19
0
0
0
0

43,45
65,19
0
0
0
0

43,46
65,18
0
0
0
0

43,47
65,17
0
0
0
0

43,48
65,16
0
0
0
0

43,49
65,16
0
0
0
0

43,5
65,15
0
0
0
0

43,5
65,14
0
0
0
0

43,51
65,13
0
0
0
0

43,52
65,12
0
0
0
0

43,53
65,12
0
0
0
0

43,54
65,11
0
0
0
0

43,55
65,1
0
0
0
0

43,56
65,09
0
0
0
0

43,57
65,09
0
0
0
0

43,58
65,08
0
0
0
0

43,59
65,07
0
0
0
0

43,6
65,07
0
0
0
0

43,61
65,06
0
0
0
0

43,62
65,05
0
0
0
0

43,63
65,05
0
0
0
0

43,64
65,04
0
0
0
0

43,65
65,03
0
0
0
0

43,66
65,03
0
0
0
0

43,67
65,02
0
0
0
0

43,68
65,01
0
0
0
0

43,69
65,01
0
0
0
0

43,7
65
0
0
0
0

43,71
64,99
0
0
0
0

43,72
64,99
0
0
0
0

43,73
64,98
0
0
0
0

43,74
64,97
0
0
0
0

43,75
64,97
0
0
0
0

43,76
64,96
0
0
0
0

43,77
64,95
0
0
0
0

43,78
64,95
0
0
0
0

43,79
64,94
0
0
0
0

43,8
64,94
0
0
0
0

43,81
64,93
0
0
0
0

43,82
64,92
0
0
0
0

43,83
64,92
0
0
0
0

43,84
64,91
0
0
0
0

43,85
64,91
0
0
0
0

43,86
64,9
0
0
0
0

43,87
64,89
0
0
0
0

43,88
64,89
0
0
0
0

43,89
64,88
0
0
0
0

43,9
64,88
0
0
0
0

43,91
64,87
0
0
0
0

43,92
64,87
0
0
0
0

43,93
64,86
0
0
0
0

43,94
64,86
0
0
0
0

43,95
64,85
0
0
0
0

43,96
64,85
0
0
0
0

43,97
64,84
0
0
0
0

43,98
64,84
0
0
0
0

43,99
64,83
0
0
0
0

44
64,82
0
0
0
0

44,01
64,82
0
0
0
0

44,03
64,81
0
0
0
0

44,04
64,81
0
0
0
0

44,05
64,8
0
0
0
0

44,06
64,8
0
0
0
0

44,07
64,79
0
0
0
0

44,08
64,79
0
0
0
0

44,09
64,78
0
0
0
0

44,1
64,78
0
0
0
0

44,11
64,77
0
0
0
0

44,13
64,77
0
0
0
0

44,14
64,77
0
0
0
0

44,15
64,76
0
0
0
0

44,16
64,75
0
0
0
0

44,17
64,75
0
0
0
0

44,18
64,75
0
0
0
0

44,19
64,74
0
0
0
0

44,2
64,74
0
0
0
0

44,21
64,73
0
0
0
0

44,22
64,73
0
0
0
0

44,23
64,72
0
0
0
0

44,25
64,72
0
0
0
0

44,26
64,71
0
0
0
0

44,27
64,71
0
0
0
0

44,28
64,7
0
0
0
0

44,29
64,7
0
0
0
0

44,3
64,7
0
0
0
0

44,31
64,69
0
0
0
0

44,32
64,69
0
0
0
0

44,34
64,68
0
0
0
0

44,35
64,68
0
0
0
0

44,36
64,67
0
0
0
0

44,37
64,67
0
0
0
0

44,38
64,67
0
0
0
0

44,39
64,66
0
0
0
0

44,4
64,66
0
0
0
0

44,41
64,65
0
0
0
0

44,42
64,65
0
0
0
0

44,43
64,64
0
0
0
0

44,45
64,64
0
0
0
0

44,46
64,64
0
0
0
0

44,47
64,63
0
0
0
0

44,48
64,63
0
0
0
0

44,49
64,62
0
0
0
0

44,5
64,62
0
0
0
0

44,52
64,62
0
0
0
0

44,53
64,61
0
0
0
0

44,54
64,61
0
0
0
0

44,55
64,61
0
0
0
0

44,56
64,6
0
0
0
0

44,57
64,6
0
0
0
0

44,59
64,59
0
0
0
0

44,6
64,59
0
0
0
0

44,61
64,59
0
0
0
0

44,62
64,58
0
0
0
0

44,63
64,58
0
0
0
0

44,64
64,58
0
0
0
0

44,65
64,57
0
0
0
0

44,67
64,57
0
0
0
0

44,68
64,57
0
0
0
0

44,69
64,56
0
0
0
0

44,7
64,56
0
0
0
0

44,71
64,55
0
0
0
0

44,72
64,55
0
0
0
0

44,74
64,55
0
0
0
0

44,75
64,54
0
0
0
0

44,76
64,54
0
0
0
0

44,77
64,54
0
0
0
0

44,78
64,53
0
0
0
0

44,79
64,53
0
0
0
0

44,81
64,53
0
0
0
0

44,82
64,52
0
0
0
0

44,83
64,52
0
0
0
0

44,84
64,52
0
0
0
0

44,85
64,51
0
0
0
0

44,86
64,51
0
0
0
0

44,87
64,5
0
0
0
0

44,89
64,5
0
0
0
0

44,9
64,5
0
0
0
0

44,91
64,49
0
0
0
0

44,92
64,49
0
0
0
0

44,93
64,49
0
0
0
0

44,94
64,48
0
0
0
0

44,96
64,48
0
0
0
0

44,97
64,48
0
0
0
0

44,98
64,47
0
0
0
0

44,99
64,47
0
0
0
0

45,01
64,47
0
0
0
0

45,02
64,46
0
0
0
0

45,03
64,46
0
0
0
0

45,04
64,46
0
0
0
0

45,05
64,45
0
0
0
0

45,06
64,45
0
0
0
0

45,07
64,45
0
0
0
0

45,09
64,44
0
0
0
0

45,1
64,44
0
0
0
0

45,11
64,44
0
0
0
0

45,12
64,43
0
0
0
0

45,13
64,43
0
0
0
0

45,15
64,43
0
0
0
0

45,16
64,42
0
0
0
0

45,17
64,42
0
0
0
0

45,18
64,42
0
0
0
0

45,19
64,41
0
0
0
0

45,21
64,41
0
0
0
0

45,22
64,41
0
0
0
0

45,23
64,4
0
0
0
0

45,24
64,4
0
0
0
0

45,25
64,4
0
0
0
0

45,26
64,39
0
0
0
0

45,27
64,39
0
0
0
0

45,29
64,39
0
0
0
0

45,3
64,38
0
0
0
0

45,31
64,38
0
0
0
0

45,32
64,38
0
0
0
0

45,33
64,37
0
0
0
0

45,35
64,37
0
0
0
0

45,36
64,37
0
0
0
0

45,37
64,36
0
0
0
0

45,38
64,36
0
0
0
0

45,39
64,36
0
0
0
0

45,41
64,35
0
0
0
0

45,42
64,35
0
0
0
0

45,43
64,35
0
0
0
0

45,44
64,34
0
0
0
0

45,46
64,34
0
0
0
0

45,47
64,34
0
0
0
0

45,48
64,33
0
0
0
0

45,49
64,33
0
0
0
0

45,5
64,33
0
0
0
0

45,51
64,32
0
0
0
0

45,53
64,32
0
0
0
0

45,54
64,32
0
0
0
0

45,55
64,32
0
0
0
0

45,56
64,31
0
0
0
0

45,57
64,31
0
0
0
0

45,58
64,31
0
0
0
0

45,6
64,3
0
0
0
0

45,61
64,3
0
0
0
0

45,62
64,3
0
0
0
0

45,63
64,29
0
0
0
0

45,65
64,29
0
0
0
0

45,66
64,29
-4
0
0
0

45,67
64,29
0
0
0
0

45,68
64,28
-4
0
0
0

45,69
64,28
-4
0
0
0

45,7
64,28
-4
4
0
0

45,7
64,27
-5
0
0
0

45,71
64,27
-4
4
0
0

45,71
64,27
-5
4
0
0

45,7
64,27
-5
0
0
0

45,7
64,27
-5
4
0
0

45,7
64,28
-6
0
0
0

45,69
64,28
-5
4
0
0

45,67
64,29
-5
0
0
0

45,66
64,29
-5
0
0
0

45,64
64,3
-5
0
0
0

45,61
64,31
-5
0
0
0

45,59
64,32
-4
0
0
0

45,56
64,33
-5
0
0
0

45,52
64,34
-5
0
0
0

45,49
64,35
-5
0
0
0

45,45
64,36
0
0
0
0

45,41
64,37
-5
0
0
0

45,37
64,38
-5
0
0
0

45,32
64,39
0
0
0
0

45,27
64,4
-5
0
0
0

45,22
64,41
-4
0
0
0

45,17
64,42
0
0
0
0

45,12
64,44
-4
0
0
0

45,06
64,45
0
0
0
0

45,01
64,46
0
0
0
0

44,95
64,47
0
0
0
0

44,89
64,48
0
0
0
0

44,83
64,5
0
0
0
0

44,77
64,51
0
0
0
0

44,71
64,52
0
0
0
0

44,66
64,54
0
0
0
0

44,6
64,55
0
0
0
0

44,54
64,57
0
0
0
0

44,49
64,58
0
0
0
0

44,43
64,6
0
0
0
0

44,37
64,61
0
0
0
0

44,31
64,62
0
0
0
0

44,26
64,64
0
0
0
0

44,2
64,65
0
0
0
0

44,15
64,67
0
0
0
0

44,09
64,69
0
0
0
0

44,03
64,7
0
0
0
0

43,98
64,72
0
0
0
0

43,92
64,74
0
0
0
0

43,86
64,75
0
0
0
0

43,81
64,77
0
0
0
0

43,76
64,79
0
0
0
0

43,7
64,8
0
0
0
0

43,64
64,82
0
0
0
0

43,59
64,84
0
0
0
0

43,53
64,86
0
0
0
0

43,48
64,87
0
0
0
0

43,42
64,89
4
0
0
0

43,37
64,91
0
-4
0
0

43,32
64,93
6
-4
0
0

43,26
64,95
0
0
0
0

43,21
64,96
6
-4
0
0

43,16
64,98
4
0
0
0

43,11
64,99
4
-4
0
0

43,07
65
4
0
0
0

43,02
65,01
0
-4
0
0

42,98
65,02
6
0
0
0

42,94
65,03
0
0
0
0

42,9
65,03
4
-4
0
0

42,87
65,04
5
-4
0
0

42,83
65,05
0
0
0
0

42,8
65,05
5
-4
0
0

42,77
65,05
0
0
0
0

42,74
65,06
4
-4
0
0

42,71
65,06
4
0
0
0

42,68
65,06
0
0
0
0

42,66
65,06
4
0
0
0

42,63
65,06
0
0
0
0

42,61
65,06
0
0
0
0

42,59
65,06
4
0
0
0

42,57
65,06
0
0
0
0

42,55
65,06
4
0
0
0

42,53
65,05
0
0
0
0

42,52
65,05
0
0
0
0

42,5
65,05
0
0
0
0

42,48
65,05
0
0
0
0

42,47
65,05
0
0
0
0

42,45
65,05
0
0
0
0

42,43
65,05
0
0
0
0

42,42
65,05
0
0
0
0

42,4
65,05
0
0
0
0

42,38
65,05
0
0
0
0

42,37
65,05
0
0
0
0

42,35
65,05
0
-4
0
0

42,34
65,05
0
-4
0
0

42,32
65,05
0
-4
0
0

42,3
65,05
0
-4
0
0

42,29
65,05
0
-4
0
0

42,27
65,04
0
-4
0
0

42,26
65,04
0
0
0
0

42,24
65,03
0
-4
0
0

42,23
65,02
0
0
0
0

42,21
65
0
-4
0
0

42,2
64,99
0
-4
0
0

42,18
64,98
0
-5
0
0

42,17
64,96
0
-4
0
0

42,15
64,94
0
-5
0
0

42,14
64,92
0
-5
0
0

42,13
64,9
0
-5
0
0

42,11
64,87
0
-5
0
0

42,1
64,84
0
-5
0
0

42,09
64,81
0
-5
0
0

42,07
64,78
0
-5
0
0

42,06
64,74
0
-5
0
0

42,05
64,7
0
-5
0
0

42,04
64,65
0
-5
0
0

42,02
64,61
0
-6
0
0

42,01
64,56
0
-6
0
0

42
64,51
0
-6
0
0

41,99
64,45
0
-6
0
0

41,98
64,39
0
-6
0
0

41,97
64,33
0
-5
0
0

41,96
64,27
0
-5
0
0

41,95
64,2
0
-5
0
0

41,94
64,13
0
-5
0
0

41,93
64,06
0
-4
0
0

41,92
63,98
0
-4
0
0

41,92
63,91
0
-4
0
0

41,91
63,83
0
-4
0
0

41,9
63,75
0
-4
0
0

41,9
63,66
0
0
0
0

41,89
63,58
0
0
0
0

41,89
63,5
0
0
0
0

41,88
63,41
0
0
0
0

41,88
63,33
0
0
0
0

41,87
63,25
0
0
0
0

41,87
63,17
0
0
0
0

41,87
63,1
0
0
0
0

41,87
63,02
0
0
0
0

41,86
62,94
0
0
0
0

41,86
62,87
0
0
0
0

41,86
62,79
0
0
0
0

41,86
62,72
0
0
0
0

41,86
62,64
0
0
0
0

41,86
62,57
0
0
0
0

41,86
62,5
0
0
0
0

41,86
62,43
0
0
0
0

41,86
62,36
0
0
0
0

41,86
62,29
0
0
0
0

41,87
62,22
0
0
0
0

41,87
62,15
0
0
0
0

41,87
62,08
0
0
0
0

41,87
62,01
0
0
0
0

41,88
61,95
0
0
0
0

41,88
61,88
0
0
0
0

41,89
61,82
0
4
0
0

41,89
61,75
0
0
0
0

41,9
61,69
0
0
0
0

41,91
61,63
0
0
0
0

41,91
61,57
0
0
0
0

41,92
61,51
0
0
0
0

41,93
61,45
0
0
0
0

41,94
61,39
0
4
0
0

41,94
61,33
0
4
0
0

41,95
61,28
0
4
0
0

41,96
61,22
0
4
0
0

41,97
61,17
0
0
0
0

41,98
61,12
0
0
0
0

41,99
61,07
0
0
0
0

42
61,03
0
4
0
0

42,01
60,98
0
4
0
0

42,02
60,94
0
0
0
0

42,03
60,9
0
0
0
0

42,04
60,86
0
0
0
0

42,06
60,82
0
4
0
0

42,07
60,78
0
4
0
0

42,08
60,75
0
4
0
0

42,09
60,71
0
0
0
0

42,11
60,68
0
0
0
0

42,12
60,65
0
0
0
0

42,13
60,62
0
4
0
0

42,15
60,59
0
0
0
0

42,16
60,57
0
0
0
0

42,18
60,55
0
0
0
0

42,19
60,52
0
4
0
0

42,2
60,5
0
4
0
0

42,22
60,48
0
4
0
0

42,23
60,46
0
0
0
0

42,25
60,44
0
0
0
0

42,26
60,43
0
0
0
0

42,28
60,41
0
4
0
0

42,3
60,4
0
0
0
0

42,31
60,38
0
0
0
0

42,33
60,37
0
0
0
0

42,35
60,36
0
4
0
0

42,37
60,35
0
0
0
0

42,39
60,34
0
4
0
0

42,41
60,34
0
0
0
0

42,43
60,33
0
0
0
0

42,46
60,32
0
0
0
0

42,48
60,31
0
4
0
0

42,5
60,3
0
0
0
0

42,52
60,3
0
0
0
0

42,55
60,29
0
0
0
0

42,57
60,29
0
0
0
0

42,6
60,28
0
0
0
0

42,62
60,27
0
4
0
0

42,65
60,26
0
0
0
0

42,67
60,25
0
0
0
0

42,7
60,25
0
0
0
0

42,73
60,24
0
4
0
0

42,76
60,23
0
0
0
0

42,79
60,22
0
4
0
0

42,82
60,21
0
0
0
0

42,85
60,2
0
0
0
0

42,88
60,19
0
0
0
0

42,91
60,18
0
0
0
0

42,94
60,17
0
0
0
0

42,97
60,16
-4
0
0
0

43
60,15
0
0
0
0

43,03
60,14
-4
0
0
0

43,06
60,13
0
0
0
0

43,09
60,12
-4
0
0
0

43,11
60,11
0
0
0
0

43,14
60,1
-4
0
0
0

43,17
60,08
-4
0
0
0

43,19
60,07
-4
0
0
0

43,22
60,06
-4
0
0
0

43,24
60,05
-5
4
0
0

43,27
60,04
-4
4
0
0

43,29
60,03
-5
4
0
0

43,31
60,02
-4
4
0
0

43,33
60,01
-5
4
0
0

43,35
60
-5
4
0
0

43,36
60
-5
4
0
0

43,38
59,99
-6
4
0
0

43,39
59,99
-5
4
0
0

43,41
59,99
-6
4
0
0

43,42
59,98
-5
4
0
0

43,44
59,98
-6
4
0
0

43,45
59,98
-5
4
0
0

43,46
59,98
-6
4
0
0

43,47
59,98
-5
4
0
0

43,48
59,98
-6
4
0
0

43,49
59,98
-6
4
0
0

43,5
59,98
-7
5
0
0

43,5
59,98
-6
4
0
0

43,51
59,98
-6
5
0
0

43,52
59,98
-6
4
0
0

43,52
59,98
-6
4
0
0

43,53
59,98
-7
4
0
0

43,54
59,98
-6
4
0
0

43,55
59,98
-6
4
0
0

43,55
59,98
-6
4
0
0

43,56
59,98
-6
4
0
0

43,57
59,98
-7
4
0
0

43,58
59,98
-6
4
0
0

43,58
59,98
-6
4
0
0

43,59
59,98
-6
4
0
0

43,6
59,98
-6
4
0
0

43,61
59,98
-6
4
0
0

43,62
59,98
-5
4
0
0

43,63
59,98
-6
4
0
0

43,64
59,98
-6
4
0
0

43,65
59,98
-6
4
0
0

43,66
59,98
-6
4
0
0

43,67
59,98
-6
4
0
0

43,68
59,97
-6
4
0
0

43,69
59,97
-6
4
0
0

43,7
59,97
-6
4
0
0

43,71
59,97
-7
4
0
0

43,73
59,96
-6
4
0
0

43,74
59,96
-6
4
0
0

43,75
59,95
-5
4
0
0

43,76
59,95
-5
4
0
0

43,78
59,95
-6
4
0
0

43,79
59,94
-6
4
0
0

43,82
59,93
-6
4
0
0

43,83
59,93
-6
4
0
0

43,85
59,93
-5
4
0
0

43,86
59,92
-7
4
0
0

43,88
59,92
-6
5
0
0

43,89
59,91
-6
5
0
0

43,91
59,91
-6
5
0
0

43,92
59,9
-6
4
0
0

43,94
59,9
-7
5
0
0

43,95
59,89
-6
5
0
0

43,97
59,88
-6
5
0
0

43,98
59,88
-6
5
0
0

44
59,87
-6
5
0
0

44,01
59,87
-7
5
0
0

44,03
59,86
-6
4
0
0

44,04
59,86
-6
5
0
0

44,06
59,85
-6
5
0
0

44,07
59,85
-7
5
0
0

44,09
59,85
-6
5
0
0

44,1
59,84
-6
5
0
0

44,12
59,84
-7
5
0
0

44,13
59,84
-6
5
0
0

44,14
59,84
-7
5
0
0

44,16
59,83
-7
5
0
0

44,17
59,83
-7
5
0
0

44,18
59,83
-7
5
0
0

44,19
59,83
-6
5
0
0

44,2
59,83
-8
5
0
0

44,22
59,83
-7
5
0
0

44,23
59,83
-7
6
0
0

44,24
59,83
-7
5
0
0

44,25
59,82
-7
6
0
0

44,26
59,82
-8
5
0
0

44,27
59,82
-7
6
0
0

44,29
59,82
-7
6
0
0

44,3
59,82
-7
6
0
0

44,31
59,82
-7
6
0
0

44,32
59,81
-7
6
0
0

44,34
59,81
-7
6
0
0

44,35
59,81
-7
6
0
0

44,36
59,81
-7
6
0
0

44,37
59,81
-6
6
0
0

44,39
59,8
-8
6
0
0

44,4
59,8
-7
6
0
0

44,41
59,8
-7
6
0
0

44,44
59,8
-7
5
0
0

44,45
59,79
-7
6
0
0

44,47
59,79
-8
5
0
0

44,48
59,79
-7
6
0
0

44,5
59,78
-7
6
0
0

44,51
59,78
-7
6
0
0

44,53
59,78
-7
6
0
0

44,54
59,77
-8
6
0
0

44,56
59,77
-7
6
0
0

44,57
59,77
-7
6
0
0

44,59
59,76
-7
6
0
0

44,6
59,76
-7
6
0
0

44,62
59,76
-8
6
0
0

44,63
59,75
-7
6
0
0

44,65
59,75
-7
6
0
0

44,66
59,74
-7
6
0
0

44,68
59,74
-7
7
0
0

44,69
59,74
-8
6
0
0

44,71
59,73
-7
6
0
0

44,73
59,73
-8
7
0
0

44,75
59,72
-7
6
0
0

44,76
59,72
-7
7
0
0

44,78
59,71
-8
7
0
0

44,8
59,71
-7
7
0
0

44,81
59,71
-7
7
0
0

44,83
59,7
-7
7
0
0

44,84
59,7
-7
6
0
0

44,86
59,69
-8
7
0
0

44,88
59,69
-7
7
0
0

44,89
59,69
-7
7
0
0

44,91
59,68
-8
7
0
0

44,93
59,68
-7
7
0
0

44,95
59,67
-9
7
0
0

44,96
59,67
-8
8
0
0

44,98
59,67
-8
8
0
0

45
59,66
-8
7
0
0

45,02
59,66
-8
8
0
0

45,03
59,65
-9
8
0
0

45,05
59,65
-8
7
0
0

45,07
59,65
-9
8
0
0

45,08
59,64
-8
8
0
0

45,1
59,64
-8
8
0
0

45,12
59,63
-9
8
0
0

45,13
59,63
-8
8
0
0

45,15
59,63
-9
9
0
0

45,17
59,63
-9
8
0
0

45,18
59,62
-8
8
0
0

45,2
59,62
-10
8
0
0

45,21
59,62
-8
9
0
0

45,23
59,62
-9
9
0
0

45,24
59,62
-9
9
0
0

45,25
59,62
-8
9
0
0

45,27
59,62
-10
10
0
0

45,28
59,62
-9
10
0
0

45,29
59,62
-10
10
0
0

45,31
59,62
-10
10
0
0

45,32
59,62
-10
10
0
0

45,33
59,62
-10
10
0
0

45,34
59,63
-9
10
0
0

45,36
59,63
-10
10
0
0

45,37
59,63
-9
10
0
0

45,38
59,64
-9
10
0
0

45,39
59,64
-10
10
0
0

45,41
59,64
-9
11
0
0

45,42
59,64
-10
11
0
0

45,43
59,64
-10
11
0
0

45,45
59,65
-10
11
0
0

45,46
59,65
-11
11
0
0

45,47
59,65
-10
11
0
0

45,49
59,65
-10
11
0
0

45,5
59,66
-10
11
0
0

45,51
59,66
-9
11
0
0

45,53
59,66
-11
11
0
0

45,54
59,66
-10
11
0
0

45,55
59,67
-10
12
0
0

45,57
59,67
-11
12
0
0

45,58
59,67
-10
12
0
0

45,59
59,68
-11
12
0
0

45,61
59,68
-10
12
0
0

45,62
59,68
-11
13
0
0

45,64
59,68
-11
12
0
0

45,65
59,69
-10
13
0
0

45,66
59,69
-11
13
0
0

45,68
59,69
-10
12
0
0

45,69
59,7
-10
13
0
0

45,7
59,7
-11
13
0
0

45,72
59,7
-10
13
0
0

45,73
59,71
-12
13
0
0

45,74
59,71
-10
13
0
0

45,76
59,72
-11
14
0
0

45,77
59,72
-11
14
0
0

45,79
59,73
-10
14
0
0

45,8
59,73
-12
15
0
0

45,82
59,74
-11
15
0
0

45,83
59,74
-11
15
0
0

45,85
59,75
-11
15
0
0

45,86
59,75
-11
15
0
0

45,88
59,76
-12
15
0
0

45,89
59,76
-11
15
0
0

45,91
59,77
-11
16
0
0

45,92
59,78
-11
16
0
0

45,93
59,78
-11
16
0
0

45,95
59,79
-12
17
0
0

45,96
59,8
-11
17
0
0

45,98
59,81
-11
17
0
0

45,99
59,81
-12
17
0
0

46,01
59,82
-10
17
0
0

46,02
59,83
-13
16
0
0

46,04
59,83
-11
16
0
0

46,05
59,84
-12
16
0
0

46,07
59,85
-12
16
0
0

46,09
59,85
-10
16
0
0

46,1
59,86
-12
16
0
0

46,12
59,86
-10
16
0
0

46,13
59,87
-11
16
0
0

46,15
59,87
-12
16
0
0

46,16
59,88
-11
16
0
0

46,18
59,88
-13
16
0
0

46,19
59,89
-11
16
0
0

46,21
59,9
-12
16
0
0

46,23
59,9
-12
16
0
0

46,24
59,91
-11
17
0
0

46,26
59,91
-13
16
0
0

46,28
59,91
-11
17
0
0

46,29
59,92
-12
17
0
0

46,31
59,92
-11
16
0
0

46,33
59,93
-11
17
0
0

46,34
59,93
-13
17
0
0

46,36
59,93
-11
17
0
0

46,38
59,94
-12
17
0
0

46,39
59,94
-11
17
0
0

46,41
59,95
-11
17
0
0

46,43
59,95
-12
17
0
0

46,44
59,96
-11
17
0
0

46,46
59,96
-12
16
0
0

46,48
59,97
-11
16
0
0

46,5
59,97
-10
16
0
0

46,51
59,97
-12
16
0
0

46,53
59,98
-10
16
0
0

46,55
59,98
-11
16
0
0

46,57
59,98
-9
16
0
0

46,59
59,98
-9
16
0
0

46,61
59,99
-10
16
0
0

46,63
59,99
-8
15
0
0

46,65
59,99
-9
15
0
0

46,67
59,99
-7
15
0
0

46,69
59,99
-6
15
0
0

46,72
59,99
-8
15
0
0

46,74
59,99
-6
14
0
0

46,77
59,99
-7
14
0
0

46,79
59,99
-5
14
0
0

46,82
59,99
-5
15
0
0

46,84
59,99
-6
14
0
0

46,87
59,99
-4
15
0
0

46,9
59,99
-5
15
0
0

46,92
59,99
-4
15
0
0

46,95
59,99
0
15
0
0

46,98
59,99
-5
15
0
0

47,01
59,99
0
15
0
0

47,04
59,99
0
16
0
0

47,07
59,99
0
15
0
0

47,1
59,99
0
15
0
0

47,14
59,99
-4
15
0
0

47,17
59,99
0
16
0
0

47,21
59,99
0
17
0
0

47,24
59,99
0
17
0
0

47,27
59,99
0
18
0
0

47,3
59,99
-4
18
0
0

47,34
59,99
0
19
0
0

47,37
59,99
0
19
0
0

47,4
60
0
19
0
0

47,44
60
0
19
0
0

47,47
60,01
0
18
0
0

47,5
60,01
0
19
0
0

47,53
60,02
0
19
0
0

47,57
60,02
0
19
0
0

47,6
60,03
0
19
0
0

47,64
60,04
0
18
0
0

47,67
60,04
0
18
0
0

47,74
60,05
0
18
0
0

47,77
60,06
0
18
0
0

47,81
60,06
0
18
0
0

47,84
60,07
0
17
0
0

47,88
60,08
0
18
0
0

47,91
60,08
0
18
0
0

47,95
60,09
0
18
0
0

47,98
60,09
0
18
0
0

48,01
60,1
0
18
0
0

48,05
60,11
0
18
0
0

48,08
60,11
0
19
0
0

48,12
60,12
0
19
0
0

48,15
60,13
0
20
0
0

48,19
60,14
0
20
0
0

48,22
60,14
0
20
0
0

48,29
60,16
0
20
0
0

48,33
60,17
0
20
0
0

48,36
60,18
0
20
0
0

48,39
60,19
0
20
0
0

48,43
60,2
0
20
0
0

48,46
60,21
0
20
0
0

48,5
60,23
4
21
0
0

48,54
60,24
4
21
0
0

48,58
60,25
4
21
0
0

48,62
60,26
5
22
0
0

48,66
60,28
5
22
0
0

48,7
60,29
5
22
0
0

48,75
60,3
6
22
0
0

48,79
60,32
4
21
0
0

48,83
60,33
6
21
0
0

48,92
60,36
6
22
0
0

48,96
60,37
5
21
0
0

49,01
60,38
7
21
0
0

49,05
60,39
5
20
0
0

49,1
60,4
7
20
0
0

49,14
60,41
7
20
0
0

49,19
60,42
7
20
0
0

49,23
60,42
8
19
0
0

49,28
60,43
6
18
0
0

49,32
60,44
8
17
0
0

49,37
60,44
8
17
0
0

49,42
60,44
8
16
0
0

49,46
60,45
9
16
0
0

49,51
60,45
8
15
0
0

49,56
60,45
9
15
0
0

49,61
60,45
9
14
0
0

49,66
60,45
9
14
0
0

49,7
60,45
11
14
0
0

49,75
60,45
9
13
0
0

49,8
60,45
10
13
0
0

49,85
60,45
11
13
0
0

49,9
60,45
10
12
0
0

49,95
60,44
12
12
0
0

50
60,44
11
11
0
0

50,05
60,44
12
11
0
0

50,1
60,43
12
11
0
0

50,15
60,43
12
11
0
0

50,2
60,42
13
11
0
0

50,26
60,42
12
10
0
0

50,31
60,41
14
10
0
0

50,36
60,4
13
10
0
0

50,41
60,4
12
10
0
0

50,47
60,39
15
9
0
0

50,52
60,38
12
9
0
0

50,57
60,37
14
8
0
0

50,63
60,36
12
8
0
0

50,68
60,36
15
7
0
0

50,74
60,35
13
6
0
0

50,79
60,33
13
6
0
0

50,85
60,32
14
5
0
0

50,9
60,31
14
5
0
0

50,96
60,3
14
4
0
0

51,01
60,28
14
0
0
0

51,07
60,26
14
0
0
0

51,12
60,24
15
0
0
0

51,18
60,22
14
0
0
0

51,29
60,18
13
0
0
0

51,35
60,16
14
0
0
0

51,4
60,14
14
0
0
0

51,46
60,12
14
0
0
0

51,52
60,1
14
0
0
0

51,57
60,08
15
0
0
0

51,63
60,06
13
0
0
0

51,69
60,03
14
0
0
0

51,75
60,01
14
0
0
0

51,8
59,99
14
0
0
0

51,86
59,96
15
-4
0
0

51,92
59,94
13
-4
0
0

51,97
59,91
14
-5
0
0

52,03
59,88
15
-4
0
0

52,09
59,85
13
-5
0
0

52,14
59,82
14
-5
0
0

52,2
59,79
12
-6
0
0

52,25
59,76
13
-7
0
0

52,31
59,72
14
-7
0
0

52,37
59,69
12
-7
0
0

52,42
59,66
14
-9
0
0

52,48
59,62
13
-9
0
0

52,54
59,58
12
-10
0
0

52,59
59,54
14
-10
0
0

52,65
59,51
13
-10
0
0

52,71
59,47
15
-10
0
0

52,77
59,43
14
-10
0
0

52,83
59,39
14
-11
0
0

52,89
59,35
14
-11
0
0

53
59,26
15
-12
0
0

53,06
59,22
14
-12
0
0

53,12
59,18
14
-13
0
0

53,18
59,14
13
-13
0
0

53,23
59,09
14
-13
0
0

53,29
59,05
14
-14
0
0

53,34
59,01
13
-14
0
0

53,4
58,96
14
-15
0
0

53,46
58,91
14
-15
0
0

53,51
58,87
12
-15
0
0

53,57
58,82
14
-15
0
0

53,63
58,78
14
-15
0
0

53,68
58,74
13
-15
0
0

53,74
58,69
14
-15
0
0

53,8
58,64
13
-15
0
0

53,85
58,6
13
-15
0
0

53,91
58,55
15
-15
0
0

53,97
58,51
15
-15
0
0

54,03
58,46
15
-15
0
0

54,09
58,42
14
-14
0
0

54,15
58,38
15
-14
0
0

54,21
58,33
16
-14
0
0

54,27
58,29
16
-14
0
0

54,34
58,25
16
-13
0
0

54,4
58,2
16
-13
0
0

54,46
58,16
16
-12
0
0

54,53
58,12
17
-12
0
0

54,59
58,08
17
-12
0
0

54,65
58,04
17
-11
0
0

54,72
58
17
-12
0
0

54,78
57,96
16
-12
0
0

54,91
57,88
19
-12
0
0

54,97
57,84
17
-12
0
0

55,03
57,8
17
-11
0
0

55,09
57,76
16
-11
0
0

55,16
57,72
18
-11
0
0

55,22
57,68
18
-11
0
0

55,28
57,64
17
-11
0
0

55,34
57,6
19
-11
0
0

55,41
57,57
16
-11
0
0

55,47
57,53
16
-11
0
0

55,53
57,5
18
-10
0
0

55,59
57,46
17
-9
0
0

55,65
57,43
17
-9
0
0

55,71
57,39
16
-9
0
0

55,77
57,36
18
-8
0
0

55,9
57,29
18
-8
0
0

55,95
57,26
17
-8
0
0

56,01
57,22
16
-8
0
0

56,07
57,19
15
-7
0
0

56,13
57,16
17
-7
0
0

56,19
57,13
16
-8
0
0

56,25
57,1
17
-8
0
0

56,3
57,06
16
-8
0
0

56,36
57,03
15
-7
0
0

56,42
57
15
-7
0
0

56,47
56,97
17
-6
0
0

56,53
56,94
16
-7
0
0

56,58
56,91
14
-6
0
0

56,64
56,88
14
-7
0
0

56,74
56,82
14
-6
0
0

56,8
56,79
15
-6
0
0

56,85
56,76
12
-6
0
0

56,9
56,72
14
-6
0
0

56,96
56,69
13
-6
0
0

57,01
56,66
10
-6
0
0

57,06
56,63
13
-7
0
0

57,12
56,6
13
-6
0
0

57,17
56,57
10
-7
0
0

57,22
56,54
12
-7
0
0

57,27
56,51
10
-6
0
0

57,33
56,48
11
-6
0
0

57,38
56,45
12
-6
0
0

57,43
56,42
11
-6
0
0

57,48
56,4
12
-6
0
0

57,53
56,37
11
-6
0
0

57,58
56,35
11
-5
0
0

57,63
56,32
10
-4
0
0

57,68
56,3
9
-4
0
0

57,72
56,28
10
-4
0
0

57,77
56,25
10
0
0
0

57,82
56,23
8
0
0
0

57,87
56,21
9
-4
0
0

57,92
56,19
9
0
0
0

57,96
56,17
8
0
0
0

58,01
56,15
7
0
0
0

58,05
56,13
8
0
0
0

58,1
56,11
6
0
0
0

58,14
56,09
7
0
0
0

58,19
56,07
7
0
0
0

58,23
56,05
6
0
0
0

58,32
56,01
7
0
0
0

58,37
55,99
6
0
0
0

58,41
55,96
6
0
0
0

58,46
55,94
6
0
0
0

58,5
55,92
5
0
0
0

58,55
55,9
6
0
0
0

58,59
55,88
5
0
0
0

58,64
55,86
5
0
0
0

58,68
55,84
6
0
0
0

58,73
55,82
4
0
0
0

58,77
55,8
6
0
0
0

58,81
55,78
5
0
0
0

58,86
55,76
5
0
0
0

58,9
55,74
6
0
0
0

58,95
55,72
4
0
0
0

59,03
55,68
5
0
0
0

59,08
55,66
5
0
0
0

59,12
55,63
5
0
0
0

59,17
55,61
5
0
0
0

59,21
55,59
4
0
0
0

59,25
55,57
5
0
0
0

59,29
55,55
5
0
0
0

59,34
55,53
5
0
0
0

59,38
55,51
5
0
0
0

59,42
55,49
4
0
0
0

59,46
55,48
5
0
0
0

59,5
55,46
4
0
0
0

59,54
55,44
4
0
0
0

59,59
55,43
5
0
0
0

59,67
55,4
4
0
0
0

59,7
55,39
4
0
0
0

59,74
55,38
5
4
0
0

59,78
55,37
4
4
0
0

59,81
55,36
4
4
0
0

59,84
55,35
0
4
0
0

59,88
55,34
4
4
0
0

59,91
55,33
4
5
0
0

59,95
55,32
0
5
0
0

59,98
55,31
4
5
0
0

60,02
55,3
0
5
0
0

60,05
55,29
0
6
0
0

60,08
55,28
0
6
0
0

60,12
55,27
0
7
0
0

60,15
55,26
0
7
0
0

60,22
55,24
0
7
0
0

60,26
55,23
0
7
0
0

60,29
55,23
0
7
0
0

60,32
55,22
0
7
0
0

60,36
55,21
0
7
0
0

60,39
55,2
0
7
0
0

60,43
55,19
0
7
0
0

60,46
55,18
0
7
0
0

60,49
55,18
0
7
0
0

60,53
55,17
0
7
0
0

60,56
55,16
0
7
0
0

60,6
55,15
0
7
0
0

60,63
55,14
0
7
0
0

60,67
55,14
0
7
0
0

60,7
55,13
0
7
0
0

60,76
55,12
0
7
0
0

60,8
55,11
0
7
0
0

60,83
55,1
0
7
0
0

60,87
55,1
0
7
0
0

60,9
55,09
0
7
0
0

60,93
55,08
0
7
0
0

60,96
55,08
0
7
0
0

60,99
55,08
0
7
0
0

61,01
55,09
0
7
0
0

61,03
55,1
0
8
0
0

61,04
55,12
0
8
0
0

61,05
55,14
0
8
0
0

61,06
55,17
0
9
0
0

61,06
55,19
-4
9
0
0

61,07
55,22
0
9
0
0

61,07
55,27
-4
9
0
0

61,07
55,31
0
9
0
0

61,08
55,35
-4
10
0
0

61,08
55,39
-5
10
0
0

61,09
55,44
0
10
0
0

61,1
55,48
-4
8
0
0

61,11
55,53
0
9
0
0

61,12
55,58
0
9
0
0

61,14
55,63
-5
8
0
0

61,16
55,67
0
8
0
0

61,18
55,71
-5
8
0
0

61,2
55,74
-5
10
0
0

61,22
55,76
-4
12
0
0

61,23
55,78
-8
12
0
0

61,25
55,79
-6
13
0
0

61,26
55,79
-9
12
0
0

61,27
55,78
-7
12
0
0

61,27
55,78
-7
12
0
0

61,27
55,77
-9
12
0
0

61,27
55,76
-7
12
0
0

61,27
55,75
-10
12
0
0

61,26
55,74
-8
13
0
0

61,26
55,73
-8
13
0
0

61,26
55,72
-10
15
0
0

61,27
55,7
-8
17
0
0

61,27
55,69
-11
18
0
0

61,27
55,68
-10
18
0
0

61,28
55,68
-9
18
0
0

61,28
55,67
-11
17
0
0

61,3
55,67
-9
15
0
0

61,31
55,66
-10
15
0
0

61,31
55,66
-9
14
0
0

61,3
55,65
-10
14
0
0

61,29
55,66
-10
14
0
0

61,29
55,67
-10
14
0
0

61,29
55,68
-11
15
0
0

61,3
55,68
-9
14
0
0

61,3
55,67
-10
14
0
0

61,3
55,67
-10
14
0
0

61,3
55,66
-11
15
0
0

61,3
55,66
-12
15
0
0

61,3
55,65
-11
15
0
0

61,31
55,66
-12
14
0
0

61,3
55,67
-11
14
0
0

61,29
55,67
-10
14
0
0

61,29
55,67
-9
14
0
0

61,3
55,66
-8
14
0
0

