16/03/2017 14:43

42,6
67,09
0
0
1
1

42,6
67,09
0
0
1
1

42,6
67,09
0
0
1
1

42,6
67,09
0
0
1
1

42,6
67,09
0
0
1
1

42,6
67,09
0
0
1
1

42,6
67,09
0
0
1
1

42,6
67,09
0
0
1
1

42,6
67,09
0
0
1
1

42,6
67,09
0
0
1
1

42,6
67,09
0
0
1
1

42,6
67,09
0
0
1
1

42,6
67,09
0
0
1
1

42,6
67,09
0
0
1
1

42,6
67,09
0
0
1
1

42,6
67,09
0
0
1
1

42,6
67,09
0
0
1
1

42,6
67,09
0
0
1
1

42,6
67,09
0
0
1
1

42,6
67,09
0
0
1
1

42,6
67,09
0
0
1
1

42,6
67,09
0
0
1
1

42,6
67,09
0
0
1
1

42,6
67,09
0
0
1
1

42,6
67,09
0
0
1
1

42,6
67,09
0
0
1
1

42,6
67,09
0
0
1
1

42,6
67,09
0
0
1
1

42,6
67,09
0
0
1
1

42,6
67,09
0
0
1
1

42,6
67,09
0
0
1
1

42,6
67,09
0
0
1
1

42,6
67,09
0
0
1
1

42,6
67,09
0
0
1
1

42,6
67,09
0
0
1
1

42,6
67,09
0
0
1
1

42,6
67,09
0
0
1
1

42,6
67,09
0
0
1
1

42,6
67,09
0
0
1
1

42,6
67,09
0
0
1
1

42,6
67,09
0
0
1
1

42,6
67,09
0
0
1
1

42,6
67,09
0
0
1
1

42,6
67,09
0
0
1
1

42,6
67,09
0
0
1
1

42,6
67,09
0
0
1
1

42,6
67,09
0
0
1
1

42,6
67,09
0
0
1
1

42,6
67,09
0
0
1
1

42,6
67,09
0
0
1
1

42,6
67,09
0
0
1
1

42,6
67,09
0
0
1
1

42,6
67,09
0
0
1
1

42,6
67,09
0
0
1
1

42,6
67,09
0
0
1
1

42,6
67,09
0
0
1
1

42,6
67,09
0
0
1
1

42,6
67,09
0
0
1
1

42,6
67,09
0
0
1
1

42,6
67,09
0
0
1
1

42,6
67,09
0
0
1
1

42,6
67,09
0
0
1
1

42,6
67,09
0
0
1
1

42,6
67,09
0
0
1
1

42,6
67,09
0
0
1
1

42,6
67,09
0
0
1
1

42,6
67,09
0
0
1
1

42,6
67,09
0
0
1
1

42,6
67,09
0
0
1
1

42,6
67,09
0
0
1
1

42,6
67,09
0
0
1
1

42,6
67,09
0
0
1
1

42,6
67,09
0
0
1
1

42,6
67,09
0
0
1
1

42,6
67,09
0
0
1
1

42,6
67,09
0
0
1
1

42,6
67,09
0
0
1
1

42,6
67,09
0
0
1
1

42,6
67,09
0
0
1
1

42,6
67,09
0
0
1
1

42,6
67,09
0
0
1
1

42,6
67,09
0
0
1
1

42,6
67,09
0
0
1
1

42,6
67,09
0
0
1
1

42,6
67,09
0
0
1
1

42,6
67,09
0
0
1
1

42,6
67,09
0
-4
1
1

42,6
67,09
0
-4
1
1

42,6
67,09
0
-4
1
1

42,6
67,09
0
-4
1
1

42,6
67,08
0
-4
1
1

42,6
67,07
0
0
1
1

42,6
67,06
0
-4
1
1

42,6
67,05
0
0
1
1

42,6
67,04
0
-4
1
1

42,6
67,02
0
0
1
1

42,6
67,01
0
-4
1
1

42,6
66,99
0
-4
1
1

42,6
66,97
0
-4
1
1

42,6
66,95
0
-4
1
1

42,6
66,93
0
-4
1
1

42,6
66,9
0
-4
1
1

42,6
66,88
0
-4
1
1

42,6
66,85
0
-4
1
1

42,6
66,81
0
0
1
1

42,6
66,78
0
-4
1
1

42,6
66,75
0
-4
1
1

42,6
66,71
0
0
1
1

42,6
66,67
0
-4
1
1

42,6
66,63
0
0
1
1

42,61
66,59
0
-4
1
1

42,61
66,55
0
0
1
1

42,61
66,51
0
0
1
1

42,61
66,47
0
0
1
1

42,61
66,43
0
0
1
1

42,61
66,39
0
0
1
1

42,62
66,35
0
0
1
1

42,62
66,31
0
0
1
1

42,62
66,27
0
0
1
1

42,62
66,23
0
0
1
1

42,62
66,19
0
0
1
1

42,63
66,15
0
0
1
1

42,63
66,11
0
0
1
1

42,63
66,08
0
0
1
1

42,64
66,04
0
0
1
1

42,64
66
0
0
1
1

42,64
65,96
0
0
1
1

42,65
65,93
0
0
1
1

42,65
65,89
0
0
1
1

42,65
65,86
0
0
1
1

42,66
65,82
0
0
1
1

42,66
65,79
0
0
1
1

42,67
65,75
0
0
1
1

42,67
65,72
0
0
1
1

42,67
65,68
0
0
1
1

42,68
65,65
0
0
1
1

42,68
65,62
0
0
1
1

42,69
65,58
0
0
1
1

42,69
65,55
0
0
1
1

42,7
65,52
0
0
1
1

42,7
65,49
0
0
1
1

42,71
65,46
0
0
1
1

42,71
65,43
0
0
1
1

42,72
65,4
0
0
1
1

42,72
65,37
0
0
1
1

42,73
65,34
0
0
1
1

42,74
65,31
0
0
1
1

42,74
65,28
0
0
1
1

42,75
65,25
0
0
1
1

42,75
65,22
0
0
1
1

42,76
65,19
0
0
1
1

42,77
65,16
0
0
1
1

42,77
65,14
0
0
1
1

42,78
65,11
0
0
1
1

42,79
65,08
0
0
1
1

42,79
65,06
0
0
1
1

42,8
65,03
0
0
1
1

42,81
65,01
0
0
1
1

42,81
64,98
0
0
1
1

42,82
64,96
0
0
1
1

42,83
64,93
0
0
1
1

42,83
64,9
0
0
1
1

42,84
64,88
0
0
1
1

42,85
64,86
0
0
1
1

42,86
64,83
0
0
1
1

42,86
64,81
0
0
1
1

42,87
64,79
0
0
1
1

42,88
64,76
0
0
1
1

42,89
64,74
0
0
1
1

42,89
64,72
0
0
1
1

42,9
64,7
0
0
1
1

42,91
64,68
0
4
1
1

42,92
64,65
0
4
1
1

42,93
64,63
0
0
1
1

42,94
64,62
0
0
1
1

42,94
64,6
0
0
1
1

42,95
64,59
0
4
1
1

42,96
64,57
0
0
1
1

42,97
64,56
0
4
1
1

42,98
64,55
0
0
1
1

42,99
64,54
0
4
1
1

43
64,53
0
4
1
1

43,01
64,53
0
0
1
1

43,02
64,52
0
0
1
1

43,03
64,52
0
0
1
1

43,03
64,51
0
0
1
1

43,04
64,51
0
0
1
1

43,05
64,5
0
0
1
1

43,06
64,5
0
0
1
1

43,07
64,5
0
0
1
1

43,08
64,5
0
0
1
1

43,09
64,49
0
0
1
1

43,1
64,49
0
0
1
1

43,11
64,48
0
0
1
1

43,11
64,48
0
0
1
1

43,12
64,48
0
0
1
1

43,13
64,47
0
0
1
1

43,14
64,47
0
0
1
1

43,15
64,47
0
0
1
1

43,16
64,47
0
0
1
1

43,17
64,46
0
0
1
1

43,18
64,46
0
0
1
1

43,19
64,46
0
0
1
1

43,2
64,45
0
0
1
1

43,21
64,45
0
0
1
1

43,22
64,45
0
0
1
1

43,23
64,45
0
0
1
1

43,24
64,45
0
0
1
1

43,25
64,45
0
0
1
1

43,26
64,44
0
0
1
1

43,27
64,44
0
0
1
1

43,28
64,44
0
0
1
1

43,29
64,44
0
0
1
1

43,3
64,44
0
0
1
1

43,31
64,44
0
0
1
1

43,32
64,44
0
0
1
1

43,33
64,43
0
0
1
1

43,34
64,43
0
0
1
1

43,35
64,43
0
0
1
1

43,36
64,43
0
0
1
1

43,37
64,43
0
0
1
1

43,38
64,43
0
0
1
1

43,39
64,43
0
0
1
1

43,4
64,43
0
0
1
1

43,41
64,43
0
0
1
1

43,42
64,43
0
0
1
1

43,43
64,43
0
0
1
1

43,44
64,43
0
0
1
1

43,45
64,43
0
0
1
1

43,46
64,43
0
0
1
1

43,47
64,43
0
0
1
1

43,48
64,43
0
0
1
1

43,49
64,43
0
0
1
1

43,5
64,43
0
0
1
1

43,51
64,43
0
0
1
1

43,52
64,43
0
0
1
1

43,53
64,43
0
0
1
1

43,54
64,43
0
0
1
1

43,55
64,43
0
0
1
1

43,56
64,43
0
0
1
1

43,57
64,43
4
0
1
1

43,59
64,43
0
0
1
1

43,6
64,43
5
0
1
1

43,61
64,43
4
0
1
1

43,63
64,43
4
0
1
1

43,65
64,43
5
0
1
1

43,67
64,43
4
0
1
1

43,7
64,43
5
0
1
1

43,73
64,43
6
0
1
1

43,76
64,43
4
0
1
1

43,79
64,43
5
0
1
1

43,83
64,43
4
0
1
1

43,87
64,43
4
0
1
1

43,92
64,43
7
0
1
1

43,96
64,43
0
0
1
1

44,01
64,43
6
0
1
1

44,06
64,43
4
0
1
1

44,11
64,43
0
0
1
1

44,17
64,43
7
0
1
1

44,23
64,43
0
0
1
1

44,29
64,43
5
0
1
1

44,35
64,43
4
0
1
1

44,41
64,43
0
0
1
1

44,48
64,43
7
0
1
1

44,55
64,43
0
0
1
1

44,62
64,43
4
0
1
1

44,69
64,43
4
0
1
1

44,76
64,43
0
0
1
1

44,84
64,43
6
0
1
1

44,91
64,43
0
0
1
1

44,99
64,43
0
0
1
1

45,07
64,43
0
0
1
1

45,15
64,43
0
0
1
1

45,23
64,43
5
0
1
1

45,31
64,43
0
0
1
1

45,39
64,43
0
0
1
1

45,48
64,43
4
0
1
1

45,56
64,43
0
0
1
1

45,65
64,42
0
0
1
1

45,73
64,42
0
0
1
1

45,82
64,42
0
0
1
1

45,9
64,42
0
0
1
1

45,99
64,42
0
0
1
1

46,08
64,41
0
0
1
1

46,16
64,41
0
0
1
1

46,25
64,41
0
0
1
1

46,34
64,4
0
0
1
1

46,43
64,4
0
0
1
1

46,52
64,39
0
0
1
1

46,6
64,39
0
0
1
1

46,69
64,39
0
0
1
1

46,78
64,38
0
0
1
1

46,87
64,38
0
0
1
1

46,95
64,37
0
0
1
1

47,04
64,37
0
0
1
1

47,13
64,36
0
0
1
1

47,21
64,36
0
0
1
1

47,3
64,35
0
0
1
1

47,39
64,35
0
0
1
1

47,48
64,34
0
0
1
1

47,56
64,34
0
0
1
1

47,65
64,33
0
0
1
1

47,74
64,32
0
0
1
1

47,83
64,32
0
0
1
1

47,91
64,31
0
0
1
1

48
64,31
0
0
1
1

48,09
64,3
0
0
1
1

48,17
64,29
0
0
1
1

48,26
64,29
0
0
1
1

48,35
64,28
0
0
1
1

48,43
64,27
0
0
1
1

48,52
64,26
0
0
1
1

48,61
64,26
0
0
1
1

48,69
64,25
0
0
1
1

48,78
64,24
0
0
1
1

48,87
64,23
0
0
1
1

48,95
64,22
0
0
1
1

49,04
64,22
0
0
1
1

49,12
64,21
0
0
1
1

49,21
64,2
0
0
1
1

49,3
64,19
0
0
1
1

49,38
64,18
0
0
1
1

49,47
64,17
0
0
1
1

49,56
64,16
0
0
1
1

49,64
64,16
0
0
1
1

49,73
64,15
0
0
1
1

49,81
64,14
0
0
1
1

49,9
64,13
0
0
1
1

49,99
64,12
0
0
1
1

50,07
64,11
0
0
1
1

50,16
64,1
0
0
1
1

50,24
64,09
0
0
1
1

50,33
64,08
0
0
1
1

50,41
64,07
0
0
1
1

50,5
64,06
0
0
1
1

50,59
64,05
0
0
1
1

50,67
64,03
0
0
1
1

50,76
64,02
-4
0
1
1

50,84
64,01
0
0
1
1

50,93
64
0
0
1
1

51,01
63,99
0
-4
1
1

51,09
63,98
-5
-4
1
1

51,17
63,96
0
0
1
1

51,25
63,95
-4
0
1
1

51,34
63,93
-4
-4
1
1

51,41
63,91
0
-4
1
1

51,49
63,89
-4
-4
1
1

51,57
63,86
0
-4
1
1

51,64
63,84
-4
-4
1
1

51,71
63,81
-5
-5
1
1

51,78
63,78
0
-5
1
1

51,85
63,74
-5
-5
1
1

51,92
63,71
-4
-6
1
1

51,98
63,66
-5
-5
1
1

52,04
63,62
-6
-5
1
1

52,1
63,58
0
-5
1
1

52,16
63,53
-7
-6
1
1

52,22
63,47
0
-6
1
1

52,27
63,42
-5
-6
1
1

52,32
63,36
-6
-6
1
1

52,37
63,3
0
-6
1
1

52,41
63,23
-7
-6
1
1

52,45
63,17
-4
-6
1
1

52,49
63,1
-4
-5
1
1

52,53
63,02
-7
-5
1
1

52,56
62,95
0
-5
1
1

52,59
62,87
-7
-5
1
1

52,62
62,79
-5
-5
1
1

52,65
62,7
-5
-4
1
1

52,67
62,62
-6
-4
1
1

52,7
62,53
-4
0
1
1

52,71
62,44
-6
0
1
1

52,73
62,35
-6
-4
1
1

52,74
62,26
-5
0
1
1

52,74
62,17
-6
0
1
1

52,75
62,08
-4
0
1
1

52,75
61,99
-6
0
1
1

52,75
61,9
-5
0
1
1

52,74
61,81
-5
0
1
1

52,74
61,72
-5
0
1
1

52,73
61,63
-5
0
1
1

52,72
61,54
-5
0
1
1

52,7
61,46
-6
0
1
1

52,68
61,37
-6
0
1
1

52,66
61,29
-5
0
1
1

52,64
61,21
-6
0
1
1

52,61
61,12
-6
0
1
1

52,58
61,04
-6
0
1
1

52,54
60,96
-6
0
1
1

52,5
60,89
-5
0
1
5

52,46
60,81
-8
0
1
5

52,41
60,73
-6
0
1
5

52,36
60,65
-7
0
1
5

52,31
60,58
-7
0
1
5

52,25
60,51
-7
0
1
5

52,19
60,43
-6
0
1
5

52,12
60,36
-5
0
1
5

52,05
60,29
-9
0
1
5

51,98
60,22
-6
0
1
5

51,9
60,15
-6
0
1
5

51,82
60,09
-8
0
1
5

51,74
60,02
-6
0
1
5

51,65
59,96
-7
0
1
5

51,56
59,89
-5
0
1
5

51,46
59,83
-7
0
1
10

51,36
59,77
-6
0
1
10

51,26
59,71
-4
0
1
10

51,15
59,65
-8
0
1
10

51,04
59,59
0
0
1
10

50,93
59,53
-7
4
1
10

50,81
59,47
-6
0
1
10

50,69
59,42
0
0
1
10

50,57
59,37
-7
4
1
10

50,45
59,31
0
0
1
10

50,33
59,27
-4
0
1
10

50,2
59,22
0
5
1
10

50,08
59,17
0
5
1
10

49,95
59,13
-4
4
1
10

49,83
59,09
0
4
1
10

49,7
59,05
0
5
1
15

49,57
59,02
0
5
1
15

49,44
58,99
0
6
1
15

49,32
58,96
0
6
1
15

49,19
58,94
0
5
1
15

49,07
58,93
0
5
1
15

48,94
58,92
0
5
1
15

48,82
58,91
0
6
1
15

48,69
58,9
0
6
1
15

48,56
58,9
0
7
1
15

48,44
58,91
0
6
1
15

48,32
58,91
0
6
1
15

48,19
58,92
5
6
1
15

48,07
58,94
0
4
1
15

47,95
58,96
5
4
1
15

47,83
58,98
5
4
1
10

47,71
59,01
5
0
1
10

47,6
59,04
9
4
1
10

47,49
59,07
4
4
1
10

47,38
59,11
7
4
1
10

47,28
59,14
7
4
1
10

47,18
59,18
6
4
1
10

47,09
59,22
8
0
1
10

47
59,27
7
0
1
10

46,91
59,31
8
0
1
10

46,83
59,36
8
0
1
10

46,76
59,4
7
0
1
10

46,69
59,45
10
0
1
10

46,62
59,49
8
0
1
10

46,56
59,53
8
0
1
10

46,51
59,58
9
0
1
15

46,46
59,62
8
0
1
15

46,41
59,67
10
0
1
15

46,37
59,71
8
0
1
15

46,34
59,76
9
0
1
15

46,31
59,8
10
0
1
15

46,29
59,85
9
0
1
15

46,27
59,89
10
0
1
15

46,26
59,93
9
0
1
15

46,26
59,98
10
0
1
15

46,25
60,02
9
0
1
15

46,26
60,07
9
0
1
15

46,27
60,11
10
0
1
15

46,28
60,15
9
0
1
15

46,3
60,2
9
0
1
15

46,33
60,24
9
0
1
10

46,36
60,28
9
0
1
10

46,4
60,32
9
0
1
10

46,44
60,36
0
0
1
10

46,49
60,41
10
0
1
10

46,54
60,45
7
0
1
10

46,59
60,49
6
0
1
10

46,65
60,53
8
0
1
10

46,72
60,57
5
0
1
10

46,79
60,61
6
0
1
10

46,86
60,65
7
0
1
10

46,94
60,69
5
0
1
10

47,01
60,73
6
0
1
10

47,1
60,76
4
0
1
10

47,18
60,8
4
0
1
10

47,27
60,84
6
0
1
5

47,36
60,88
4
0
1
5

47,46
60,91
6
0
1
5

47,56
60,95
4
0
1
5

47,65
60,98
0
0
1
5

47,76
61,02
6
0
1
5

47,86
61,05
0
0
1
5

47,96
61,09
4
0
1
5

48,07
61,12
0
0
1
5

48,18
61,15
4
0
1
5

48,29
61,18
4
0
1
5

48,4
61,22
0
0
1
5

48,51
61,25
7
0
1
5

48,63
61,28
0
0
1
5

48,75
61,31
4
0
1
5

48,87
61,34
4
0
1
2

48,98
61,37
0
0
1
2

49,11
61,4
7
0
1
2

49,23
61,43
0
0
1
2

49,36
61,46
0
0
1
2

49,48
61,49
7
0
1
2

49,61
61,51
0
0
1
2

49,74
61,54
7
0
1
2

49,87
61,57
0
0
1
2

50
61,59
0
0
1
2

50,14
61,62
6
0
1
2

50,27
61,64
0
0
1
2

50,41
61,66
5
0
1
2

50,55
61,69
0
0
1
2

50,68
61,71
0
0
1
2

50,82
61,73
0
0
1
5

50,96
61,75
5
0
1
5

51,1
61,78
0
0
1
5

51,25
61,8
5
0
1
5

51,39
61,82
0
0
1
5

51,53
61,84
4
-4
1
5

51,68
61,86
0
0
1
5

51,82
61,88
0
-4
1
5

51,97
61,89
0
0
1
5

52,12
61,91
0
-4
1
5

52,27
61,92
0
0
1
5

52,42
61,94
0
-4
1
5

52,57
61,95
0
0
1
5

52,72
61,96
0
-4
1
5

52,87
61,97
0
0
1
5

53,02
61,97
0
-4
1
10

53,17
61,98
0
0
1
10

53,33
61,99
0
-4
1
10

53,48
61,99
0
0
1
10

53,63
61,99
0
-4
1
10

53,79
61,99
0
0
1
10

53,94
61,99
0
-4
1
10

54,1
61,99
0
0
1
10

54,25
61,99
0
-4
1
10

54,41
61,98
0
0
1
10

54,56
61,98
0
0
1
10

54,72
61,97
0
0
1
10

54,88
61,96
4
0
1
10

55,04
61,95
0
0
1
10

55,19
61,95
0
0
1
10

55,35
61,94
0
0
1
15

55,51
61,92
0
0
1
15

55,67
61,91
0
0
1
15

55,83
61,9
0
0
1
15

55,98
61,88
0
0
1
15

56,14
61,87
0
0
1
15

56,3
61,85
0
0
1
15

56,46
61,84
0
0
1
15

56,61
61,82
0
0
1
15

56,77
61,81
0
0
1
15

56,93
61,79
0
0
1
15

57,09
61,77
0
0
1
15

57,24
61,75
0
-4
1
15

57,4
61,74
0
0
1
15

57,56
61,72
0
0
1
15

57,71
61,7
0
0
1
20

57,87
61,68
0
0
1
20

58,03
61,66
0
0
1
20

58,19
61,64
0
0
1
20

58,34
61,62
0
0
1
20

58,5
61,59
0
0
0
0

58,66
61,57
0
0
0
0

58,81
61,55
0
0
0
0

58,97
61,53
-4
0
0
0

59,12
61,5
0
0
0
0

59,28
61,48
0
0
0
0

59,44
61,46
0
0
0
0

59,59
61,44
0
0
0
0

59,74
61,41
0
0
0
0

59,9
61,39
-4
0
0
0

60,05
61,37
0
0
0
0

60,21
61,34
0
0
0
0

60,36
61,32
0
0
0
0

60,51
61,3
0
0
0
0

60,67
61,27
0
0
0
0

60,82
61,25
0
0
0
0

60,97
61,22
0
0
0
0

61,13
61,2
0
0
0
0

61,28
61,17
0
0
0
0

61,43
61,14
0
0
0
0

61,59
61,12
0
0
0
0

61,74
61,09
0
0
0
0

61,89
61,07
0
0
0
0

62,05
61,04
0
0
0
0

62,2
61,02
0
0
0
0

62,35
60,99
0
0
0
0

62,5
60,96
0
0
0
0

62,66
60,93
0
0
0
0

62,81
60,91
0
0
0
0

62,96
60,88
-4
0
0
0

63,11
60,85
0
0
0
0

63,26
60,82
0
0
0
0

63,42
60,8
0
0
0
0

63,57
60,77
0
0
0
0

63,72
60,74
0
0
0
0

63,87
60,71
0
0
0
0

64,02
60,68
0
0
0
0

64,17
60,65
0
0
0
0

64,32
60,62
0
0
0
0

64,47
60,59
0
0
0
0

64,62
60,57
0
0
0
0

64,77
60,54
-5
0
0
0

64,92
60,51
0
0
0
0

65,07
60,48
-5
0
0
0

65,22
60,45
0
0
0
0

65,37
60,42
-4
0
0
0

65,51
60,39
0
0
0
0

65,66
60,35
0
0
0
0

65,8
60,32
0
0
0
0

65,95
60,29
0
0
0
0

66,09
60,26
0
0
0
0

66,23
60,23
0
0
0
0

66,38
60,2
0
0
0
0

66,52
60,17
0
0
0
0

66,66
60,14
0
0
0
0

66,81
60,11
0
0
0
0

66,95
60,07
-4
0
0
0

67,09
60,04
0
0
0
0

67,23
60,01
-5
0
0
0

67,37
59,98
0
0
0
0

67,5
59,94
-5
0
0
0

67,64
59,91
0
0
0
0

67,78
59,88
0
0
0
0

67,91
59,85
0
0
0
0

68,04
59,81
0
0
0
0

68,17
59,78
0
0
0
0

68,31
59,75
0
0
0
0

68,44
59,71
0
0
0
0

68,57
59,68
0
0
0
0

68,7
59,65
-4
0
0
0

68,83
59,61
0
0
0
0

68,97
59,58
-4
0
0
0

69,1
59,55
0
0
0
0

69,23
59,51
0
0
0
0

69,35
59,48
-5
0
0
0

69,48
59,45
0
0
0
0

69,61
59,41
-6
0
0
0

69,73
59,38
0
0
0
0

69,85
59,34
0
0
0
0

69,98
59,31
-7
-4
0
0

70,1
59,27
4
0
0
0

70,22
59,24
-6
0
0
0

70,33
59,2
0
0
0
0

70,45
59,17
0
0
0
0

70,57
59,13
-8
0
0
0

70,68
59,09
5
0
0
0

70,8
59,06
-6
0
0
0

70,91
59,02
0
0
0
0

71,02
58,98
4
0
0
0

71,13
58,95
-10
0
0
0

71,24
58,91
4
0
0
0

71,35
58,87
0
0
0
0

71,46
58,84
-7
0
0
0

71,57
58,8
6
0
0
0

71,67
58,76
-8
0
0
0

71,78
58,73
0
0
0
0

71,88
58,69
4
0
0
0

71,98
58,65
-10
0
0
0

72,09
58,62
0
0
0
0

72,19
58,58
0
0
0
0

72,29
58,54
-8
0
0
0

72,39
58,51
4
0
0
0

72,48
58,47
-4
0
0
0

72,58
58,44
0
0
0
0

72,68
58,4
0
0
0
0

72,77
58,36
-5
0
0
0

72,87
58,33
0
0
0
0

72,96
58,29
0
0
0
0

73,05
58,26
0
0
0
0

73,14
58,22
0
0
0
0

73,23
58,18
-5
0
0
0

73,33
58,15
0
0
0
0

73,42
58,11
0
0
0
0

73,51
58,08
-5
0
0
0

73,59
58,04
0
0
0
0

73,68
58
0
0
0
0

73,77
57,97
-4
0
0
0

73,85
57,93
0
0
0
0

73,94
57,9
0
0
0
0

74,02
57,86
0
0
0
0

74,1
57,83
0
0
0
0

74,19
57,79
-5
0
0
0

74,27
57,76
0
0
0
0

74,35
57,72
0
0
0
0

74,43
57,69
-5
0
0
0

74,51
57,65
0
0
0
0

74,58
57,62
-5
0
0
0

74,66
57,58
0
0
0
0

74,74
57,55
0
0
0
0

74,81
57,51
-5
0
0
0

74,88
57,48
0
0
0
0

74,95
57,45
0
0
0
0

75,02
57,41
-5
0
0
0

75,09
57,38
0
0
0
0

75,16
57,35
0
0
0
0

75,22
57,32
0
0
0
0

75,28
57,28
0
0
0
0

75,34
57,25
-4
0
0
0

75,4
57,22
0
0
0
0

75,46
57,19
-4
0
0
0

75,52
57,16
0
0
0
0

75,58
57,14
0
0
0
0

75,63
57,11
-4
0
0
0

75,68
57,08
0
0
0
0

75,74
57,05
0
0
0
0

75,79
57,03
-4
0
0
0

75,84
57
0
0
0
0

75,88
56,97
0
0
0
0

75,93
56,95
0
0
0
0

75,98
56,92
0
0
0
0

76,02
56,9
0
0
0
0

76,06
56,88
0
0
0
0

76,11
56,86
0
0
0
0

76,15
56,83
0
0
0
0

76,19
56,81
0
0
0
0

76,24
56,79
0
0
0
0

76,28
56,77
0
0
0
0

76,32
56,75
0
0
0
0

76,37
56,73
0
0
0
0

76,41
56,71
0
0
0
0

76,45
56,7
0
0
0
0

76,49
56,68
0
0
0
0

76,53
56,66
0
0
0
0

76,57
56,64
0
0
0
0

76,61
56,63
0
0
0
0

76,65
56,61
0
0
0
0

76,69
56,6
0
0
0
0

76,74
56,58
0
0
0
0

76,77
56,57
0
0
0
0

76,81
56,55
0
0
0
0

76,85
56,54
0
0
0
0

76,89
56,52
0
0
0
0

76,93
56,51
0
0
0
0

76,97
56,49
0
0
0
0

77,01
56,48
0
0
0
0

77,05
56,46
0
0
0
0

77,09
56,45
0
0
0
0

77,13
56,44
0
0
0
0

77,17
56,42
0
0
0
0

77,21
56,41
0
0
0
0

77,25
56,4
0
0
0
0

77,29
56,39
0
0
0
0

77,32
56,37
0
0
0
0

77,36
56,36
0
0
0
0

77,4
56,35
0
0
0
0

77,44
56,34
0
0
0
0

77,48
56,32
0
0
0
0

77,52
56,31
0
0
0
0

77,56
56,3
0
0
0
0

77,6
56,28
0
0
0
0

77,63
56,27
0
0
0
0

77,67
56,26
0
0
0
0

77,71
56,25
0
0
0
0

77,75
56,24
0
0
0
0

77,79
56,22
0
0
0
0

77,83
56,21
0
0
0
0

77,86
56,2
0
0
0
0

77,9
56,19
0
0
0
0

77,94
56,18
0
0
0
0

77,98
56,16
0
0
0
0

78,02
56,15
0
0
0
0

78,06
56,14
0
0
0
0

78,1
56,13
0
0
0
0

78,13
56,12
0
0
0
0

78,17
56,1
0
0
0
0

78,21
56,09
0
0
0
0

78,25
56,08
0
0
0
0

78,32
56,06
0
0
0
0

78,36
56,05
-4
0
0
0

78,4
56,03
0
0
0
0

78,44
56,02
0
0
0
0

78,48
56,01
0
0
0
0

78,51
56
0
0
0
0

78,55
55,99
-4
0
0
0

78,59
55,98
0
0
0
0

78,62
55,96
-4
0
0
0

78,66
55,95
0
0
0
0

78,69
55,94
0
0
0
0

78,72
55,93
-6
0
0
0

78,76
55,92
0
0
0
0

78,79
55,91
-6
0
0
0

78,82
55,89
0
0
0
0

78,87
55,87
0
0
0
0

78,9
55,86
-7
0
0
0

78,92
55,85
0
0
0
0

78,94
55,83
-6
0
0
0

78,96
55,82
-5
0
0
0

78,98
55,81
0
0
0
0

79
55,8
-8
0
0
0

79,02
55,79
0
0
0
0

79,03
55,78
-6
0
0
0

79,05
55,77
-5
0
0
0

79,06
55,76
0
0
0
0

79,07
55,74
-8
0
0
0

79,08
55,73
0
0
0
0

79,08
55,72
-4
0
0
0

79,09
55,71
-6
0
0
0

79,09
55,7
0
0
0
0

79,1
55,69
-7
0
0
0

79,1
55,67
0
0
0
0

79,1
55,66
-4
0
0
0

79,1
55,65
0
0
0
0

79,1
55,64
0
0
0
0

79,1
55,63
-4
0
0
0

79,1
55,61
0
0
0
0

79,1
55,6
-4
0
0
0

79,09
55,59
0
0
0
0

79,09
55,58
0
0
0
0

79,09
55,57
0
0
0
0

79,09
55,56
0
0
0
0

79,08
55,55
-4
0
0
0

79,08
55,53
0
0
0
0

79,08
55,52
-4
0
0
0

79,07
55,51
0
0
0
0

79,07
55,5
-4
0
0
0

79,07
55,49
0
0
0
0

79,07
55,48
0
0
0
0

79,06
55,47
0
0
0
0

79,06
55,46
-4
0
0
0

79,06
55,44
-4
0
0
0

79,06
55,43
0
0
0
0

79,05
55,42
-4
0
0
0

79,05
55,41
0
0
0
0

79,05
55,4
0
0
0
0

79,05
55,39
-4
0
0
0

79,04
55,38
0
0
0
0

79,04
55,37
-4
0
0
0

79,04
55,34
0
0
0
0

79,04
55,33
0
0
0
0

79,04
55,32
-4
0
0
0

79,04
55,31
0
0
0
0

79,04
55,3
0
0
0
0

79,05
55,29
0
0
0
0

79,05
55,28
-4
0
0
0

79,06
55,27
0
0
0
0

79,06
55,25
-4
0
0
0

79,07
55,24
0
0
0
0

79,08
55,23
0
0
0
0

79,09
55,22
-4
0
0
0

79,1
55,21
0
0
0
0

79,11
55,2
0
0
0
0

79,12
55,19
0
0
0
0

79,13
55,18
0
0
0
0

79,14
55,16
0
0
0
0

79,16
55,15
0
0
0
0

79,18
55,14
0
4
0
0

79,2
55,13
0
4
0
0

79,22
55,12
-4
4
0
0

79,24
55,12
0
0
0
0

79,26
55,11
0
0
0
0

79,29
55,1
-4
0
0
0

79,31
55,1
0
4
0
0

79,33
55,09
-4
4
0
0

79,36
55,09
0
4
0
0

79,38
55,09
0
4
0
0

79,4
55,09
0
4
0
0

79,43
55,09
-5
4
0
0

79,45
55,09
-4
4
0
0

79,48
55,09
0
0
0
0

79,5
55,09
0
0
0
0

