10/03/2017 10:42

42,6
67,09
0
0
1
1

42,6
67,09
0
0
1
1

42,6
67,09
0
0
1
1

42,6
67,09
0
0
1
1

42,6
67,09
0
0
1
1

42,6
67,09
0
0
1
1

42,6
67,09
0
0
1
1

42,6
67,09
0
0
1
1

42,6
67,09
0
0
1
1

42,6
67,09
0
0
1
1

42,6
67,09
0
0
1
1

42,6
67,09
0
0
1
1

42,6
67,09
0
0
1
1

42,6
67,09
0
0
1
1

42,6
67,09
0
0
1
1

42,6
67,09
0
0
1
1

42,6
67,09
0
0
1
1

42,6
67,09
0
0
1
1

42,6
67,09
0
0
1
1

42,6
67,09
0
0
1
1

42,6
67,09
0
0
1
1

42,6
67,09
0
0
1
1

42,6
67,09
0
0
1
1

42,6
67,09
0
0
1
1

42,6
67,09
0
0
1
1

42,6
67,09
0
0
1
1

42,6
67,09
0
0
1
1

42,6
67,09
0
0
1
1

42,6
67,09
0
0
1
1

42,6
67,09
0
0
1
1

42,6
67,09
0
0
1
1

42,6
67,09
0
0
1
1

42,6
67,09
0
0
1
1

42,6
67,09
0
0
1
1

42,6
67,09
0
0
1
1

42,6
67,09
0
0
1
1

42,6
67,09
0
0
1
1

42,6
67,09
0
0
1
1

42,6
67,09
0
0
1
1

42,6
67,09
0
0
1
1

42,6
67,09
0
0
1
1

42,6
67,09
0
0
1
1

42,6
67,09
0
0
1
1

42,6
67,09
0
0
1
1

42,6
67,09
0
0
1
1

42,6
67,09
0
0
1
1

42,6
67,09
0
0
1
1

42,6
67,09
0
0
1
1

42,6
67,09
0
0
1
1

42,6
67,09
0
0
1
1

42,6
67,09
0
0
1
1

42,6
67,09
0
0
1
1

42,6
67,09
0
0
1
1

42,6
67,09
0
0
1
1

42,6
67,09
0
0
1
1

42,6
67,09
0
0
1
1

42,6
67,09
0
0
1
1

42,6
67,09
0
0
1
1

42,6
67,09
0
0
1
1

42,6
67,09
0
0
1
1

42,6
67,09
0
0
1
1

42,6
67,09
0
0
1
1

42,6
67,09
0
0
1
1

42,6
67,09
0
0
1
1

42,6
67,09
0
0
1
1

42,6
67,09
0
0
1
1

42,6
67,09
0
0
1
1

42,6
67,09
0
0
1
1

42,6
67,09
0
0
1
1

42,6
67,09
0
0
1
1

42,6
67,09
5
0
1
1

42,6
67,09
4
0
1
1

42,6
67,09
5
-4
1
1

42,61
67,09
6
-4
1
1

42,62
67,08
6
-4
1
1

42,64
67,08
7
-4
1
1

42,66
67,07
6
0
1
1

42,68
67,06
6
-4
1
1

42,7
67,05
6
0
1
1

42,73
67,04
6
0
1
1

42,77
67,02
8
0
1
1

42,8
67,01
7
-4
1
1

42,85
66,99
5
-4
1
1

42,89
66,98
8
0
1
1

42,94
66,96
5
-4
1
1

42,99
66,94
7
-4
1
1

43,05
66,92
6
-4
1
1

43,11
66,89
7
0
1
1

43,17
66,87
7
0
1
1

43,24
66,84
6
0
1
1

43,31
66,81
7
-4
1
1

43,38
66,78
7
0
1
1

43,46
66,75
7
-4
1
1

43,55
66,72
7
0
1
1

43,63
66,69
6
-4
1
1

43,72
66,65
6
-4
1
1

43,82
66,61
6
0
1
1

43,91
66,57
5
0
1
1

44,01
66,54
7
0
1
1

44,12
66,5
5
-4
1
1

44,22
66,46
6
0
1
1

44,33
66,42
6
0
1
1

44,45
66,37
4
0
1
1

44,56
66,33
5
0
1
1

44,68
66,29
5
0
1
1

44,8
66,25
4
0
1
1

44,92
66,2
6
0
1
1

45,05
66,16
4
0
1
1

45,17
66,12
0
0
1
1

45,3
66,07
5
0
1
1

45,43
66,02
0
0
1
1

45,56
65,98
5
0
1
1

45,7
65,94
0
0
1
1

45,83
65,89
5
-4
1
1

45,97
65,85
4
0
1
1

46,11
65,8
0
0
1
1

46,25
65,75
7
0
1
1

46,39
65,7
0
0
1
1

46,53
65,66
6
0
1
1

46,68
65,61
0
0
1
1

46,83
65,56
8
0
1
1

46,98
65,5
0
0
1
1

47,13
65,45
7
-4
1
1

47,28
65,4
0
0
1
1

47,43
65,35
5
-5
1
1

47,59
65,3
0
0
1
1

47,75
65,24
6
0
1
1

47,9
65,19
0
0
1
1

48,06
65,13
7
-4
1
1

48,22
65,07
0
0
1
1

48,39
65,02
6
0
1
1

48,55
64,96
0
0
1
1

48,71
64,9
6
-4
1
1

48,88
64,84
0
0
1
1

49,04
64,78
4
0
1
1

49,21
64,72
0
-4
1
1

49,38
64,66
0
0
1
1

49,55
64,59
0
-4
1
1

49,72
64,53
0
0
1
1

49,88
64,47
4
-4
1
1

50,05
64,4
0
0
1
1

50,22
64,33
5
0
1
1

50,4
64,27
0
0
1
1

50,57
64,2
0
0
1
1

50,74
64,13
0
0
1
1

50,91
64,06
0
0
1
1

51,08
63,99
0
0
1
1

51,25
63,92
0
0
1
1

51,43
63,85
0
-4
1
1

51,6
63,77
0
0
1
1

51,77
63,7
0
0
1
1

51,94
63,62
0
0
1
1

52,11
63,55
0
0
1
1

52,28
63,47
0
0
1
1

52,45
63,4
0
0
1
1

52,62
63,32
0
0
1
1

52,79
63,24
-4
0
1
1

52,96
63,17
0
-4
1
1

53,13
63,09
0
0
1
1

53,3
63,01
0
0
1
1

53,46
62,93
0
0
1
1

53,63
62,85
0
0
1
1

53,8
62,77
0
-4
1
1

53,96
62,68
-4
0
1
1

54,12
62,6
0
0
1
1

54,29
62,52
-6
0
1
1

54,45
62,44
0
0
1
1

54,61
62,35
-4
0
1
1

54,77
62,27
0
0
1
1

54,93
62,18
-5
0
1
1

55,09
62,1
0
0
1
1

55,24
62,01
-4
0
1
1

55,4
61,93
0
0
1
1

55,55
61,84
-4
0
1
1

55,7
61,76
0
0
1
1

55,85
61,67
-4
0
1
1

56
61,59
0
0
1
1

56,14
61,5
-5
0
1
1

56,29
61,41
0
0
1
1

56,43
61,33
-6
0
1
5

56,57
61,24
0
0
1
5

56,71
61,15
-6
0
1
5

56,85
61,07
0
0
1
5

56,98
60,98
-7
0
1
5

57,12
60,9
0
0
1
5

57,25
60,81
-5
0
1
5

57,38
60,72
-4
0
1
5

57,5
60,64
0
0
1
5

57,63
60,55
-8
0
1
5

57,75
60,47
0
0
1
5

57,87
60,38
-8
0
1
5

57,99
60,29
0
0
1
5

58,11
60,2
-4
0
1
5

58,23
60,12
-6
0
1
5

58,34
60,03
0
0
1
10

58,45
59,95
-6
0
1
10

58,56
59,86
0
0
1
10

58,67
59,77
0
0
1
10

58,78
59,69
-7
0
1
10

58,89
59,6
0
0
1
10

58,99
59,52
0
0
1
10

59,09
59,43
-7
0
1
10

59,19
59,34
0
0
1
10

59,29
59,26
-5
0
1
10

59,39
59,17
-6
0
1
10

59,48
59,09
0
0
1
10

59,57
59
-6
0
1
10

59,67
58,92
-4
0
1
10

59,76
58,83
0
0
1
10

59,84
58,75
-5
0
1
5

59,93
58,66
0
0
1
5

60,01
58,58
-6
0
1
5

60,1
58,49
0
0
1
5

60,18
58,41
-4
0
1
5

60,26
58,33
-6
0
1
5

60,34
58,24
0
0
1
5

60,41
58,16
-6
0
1
5

60,49
58,07
-4
0
1
5

60,56
57,99
-4
0
1
5

60,64
57,91
-6
0
1
5

60,7
57,83
0
0
1
5

60,77
57,74
-5
0
1
5

60,84
57,66
-5
0
1
5

60,9
57,58
0
0
1
5

60,97
57,5
-6
0
1
10

61,03
57,42
-4
0
1
10

61,09
57,34
-5
0
1
10

61,14
57,25
-6
0
1
10

61,2
57,17
-4
0
1
10

61,25
57,1
-7
0
1
10

61,3
57,01
-5
0
1
10

61,35
56,94
-5
0
1
10

61,39
56,86
-6
0
1
10

61,44
56,78
-5
0
1
10

61,48
56,7
-6
0
1
10

61,51
56,62
-5
0
1
10

61,55
56,55
-5
0
1
10

61,57
56,47
-6
0
1
10

61,6
56,39
-5
0
1
10

61,62
56,32
-7
4
1
15

61,64
56,24
-5
0
1
15

61,66
56,17
-6
0
1
15

61,68
56,1
-5
0
1
15

61,69
56,03
-5
4
1
15

61,7
55,96
-6
4
1
15

61,7
55,9
-6
0
1
15

61,7
55,83
-5
0
1
15

61,7
55,77
-5
0
1
15

61,69
55,71
-5
4
1
15

61,69
55,65
-5
4
1
15

61,68
55,59
-4
0
1
15

61,66
55,53
-4
0
1
15

61,65
55,48
-4
4
1
15

61,63
55,42
-4
4
1
15

61,6
55,37
-4
4
1
10

61,58
55,32
-4
0
1
10

61,56
55,28
0
0
1
10

61,53
55,23
0
4
1
10

61,5
55,19
0
5
1
10

61,47
55,15
0
5
1
10

61,45
55,11
0
4
1
10

61,42
55,07
0
4
1
10

61,39
55,04
0
4
1
10

61,37
55
0
4
1
10

61,34
54,98
0
0
1
10

61,31
54,95
0
0
1
10

61,29
54,92
0
0
1
10

61,26
54,9
0
0
1
10

61,24
54,88
0
0
1
10

61,22
54,86
0
0
1
15

61,19
54,84
0
0
1
15

61,17
54,83
0
0
1
15

61,15
54,81
0
0
1
15

61,13
54,8
0
0
1
15

61,11
54,79
0
0
1
15

61,09
54,79
0
0
1
15

61,07
54,78
0
0
1
15

61,06
54,78
0
0
1
15

61,04
54,77
0
0
1
15

61,01
54,77
0
0
1
15

61
54,77
0
0
1
15

60,99
54,78
0
0
1
15

60,98
54,78
0
0
1
15

60,97
54,79
0
0
1
15

60,96
54,8
0
0
1
20

60,96
54,81
0
0
1
20

60,95
54,82
0
0
1
20

60,95
54,83
0
0
1
20

60,95
54,84
0
0
1
20

60,94
54,85
0
0
1
20

60,94
54,87
0
0
1
20

60,94
54,89
0
0
1
20

60,94
54,9
0
0
1
20

60,94
54,92
0
0
1
20

60,94
54,94
0
0
1
20

60,94
54,95
0
0
1
20

60,94
54,97
0
0
1
20

60,95
54,99
0
0
1
20

60,95
55
0
0
1
20

60,95
55,02
0
0
1
25

60,96
55,04
0
0
1
25

60,96
55,06
0
0
1
25

60,97
55,08
0
0
1
25

60,97
55,1
0
0
1
25

60,98
55,11
0
0
1
25

60,99
55,13
0
0
1
25

61
55,15
0
0
1
25

61
55,17
0
0
1
25

61,01
55,19
0
0
1
25

61,02
55,21
0
0
1
25

61,05
55,26
0
0
1
25

61,06
55,28
0
0
1
25

61,07
55,3
0
0
1
25

61,08
55,33
0
0
1
25

61,1
55,36
0
0
1
30

61,11
55,38
0
0
1
30

61,12
55,41
0
0
1
30

61,14
55,43
0
0
1
30

61,15
55,46
0
0
1
30

61,17
55,49
0
0
1
30

61,19
55,51
0
0
1
30

61,2
55,54
0
0
1
30

61,22
55,57
0
0
1
30

61,24
55,6
0
0
1
30

61,26
55,62
0
0
1
30

61,3
55,68
0
0
1
30

61,32
55,7
0
0
1
30

61,34
55,72
0
0
1
30

61,36
55,73
0
0
1
30

61,37
55,74
0
0
1
25

61,38
55,75
0
0
1
25

61,38
55,75
0
0
1
25

61,38
55,74
0
0
1
25

61,39
55,74
0
0
1
25

61,38
55,74
0
0
1
25

61,38
55,73
0
0
1
25

61,38
55,72
0
0
1
25

61,37
55,71
0
0
1
25

61,37
55,7
0
0
1
25

61,36
55,69
0
0
1
25

61,35
55,68
0
0
1
25

61,34
55,67
0
0
1
25

