10/03/2017 10:42

42,6
67,09
0
0
1
1

42,6
67,09
0
0
1
1

42,6
67,09
0
0
1
1

42,6
67,09
0
0
1
1

42,6
67,09
0
0
1
1

42,6
67,09
0
0
1
1

42,6
67,09
0
0
1
1

42,6
67,09
0
0
1
1

42,6
67,09
0
0
1
1

42,6
67,09
0
0
1
1

42,6
67,09
0
0
1
1

42,6
67,09
0
0
1
1

42,6
67,09
0
0
1
1

42,6
67,09
0
0
1
1

42,6
67,09
0
0
1
1

42,6
67,09
0
0
1
1

42,6
67,09
0
0
1
1

42,6
67,09
0
0
1
1

42,6
67,09
0
0
1
1

42,6
67,09
0
0
1
1

42,6
67,09
0
0
1
1

42,6
67,09
0
0
1
1

42,6
67,09
0
0
1
1

42,6
67,09
0
0
1
1

42,6
67,09
0
0
1
1

42,6
67,09
0
0
1
1

42,6
67,09
0
0
1
1

42,6
67,09
0
0
1
1

42,6
67,09
0
0
1
1

42,6
67,09
0
0
1
1

42,6
67,09
0
0
1
1

42,6
67,09
0
0
1
1

42,6
67,09
0
0
1
1

42,6
67,09
0
0
1
1

42,6
67,09
0
0
1
1

42,6
67,09
0
0
1
1

42,6
67,09
0
0
1
1

42,6
67,09
0
0
1
1

42,6
67,09
0
0
1
1

42,6
67,09
0
0
1
1

42,6
67,09
0
0
1
1

42,6
67,09
0
0
1
1

42,6
67,09
0
0
1
1

42,6
67,09
0
0
1
1

42,6
67,09
0
0
1
1

42,6
67,09
0
0
1
1

42,6
67,09
0
0
1
1

42,6
67,09
0
0
1
1

42,6
67,09
0
0
1
1

42,6
67,09
0
0
1
1

42,6
67,09
0
0
1
1

42,6
67,09
0
0
1
1

42,6
67,09
0
0
1
1

42,6
67,09
0
0
1
1

42,6
67,09
0
0
1
1

42,6
67,09
0
0
1
1

42,6
67,09
0
0
1
1

42,6
67,09
0
0
1
1

42,6
67,09
0
0
1
1

42,6
67,09
0
0
1
1

42,6
67,09
0
0
1
1

42,6
67,09
0
0
1
1

42,6
67,09
0
0
1
1

42,6
67,09
0
0
1
1

42,6
67,09
0
0
1
1

42,6
67,09
0
0
1
1

42,6
67,09
0
0
1
1

42,6
67,09
0
0
1
1

42,6
67,09
0
0
1
1

42,6
67,09
0
0
1
1

42,6
67,09
0
0
1
1

42,6
67,09
0
0
1
1

42,6
67,09
0
0
1
1

42,6
67,09
0
0
1
1

42,6
67,09
0
0
1
1

42,6
67,09
0
0
1
1

42,6
67,09
0
0
1
1

42,6
67,09
0
0
1
1

42,6
67,09
0
0
1
1

42,6
67,09
0
0
1
1

42,6
67,09
0
-5
1
1

42,6
67,09
0
-4
1
1

42,6
67,09
0
-5
1
1

42,6
67,09
0
-5
1
1

42,6
67,08
4
0
1
1

42,6
67,07
0
-5
1
1

42,6
67,06
4
-4
1
1

42,6
67,04
0
-5
1
1

42,6
67,03
4
-4
1
1

42,61
67,01
0
-4
1
1

42,61
66,98
0
-4
1
1

42,62
66,96
5
-4
1
1

42,62
66,93
0
-5
1
1

42,63
66,9
5
-4
1
1

42,64
66,86
0
-5
1
1

42,65
66,82
0
-4
1
1

42,67
66,79
5
-5
1
1

42,68
66,75
0
-4
1
1

42,7
66,7
0
-4
1
1

42,72
66,65
5
-4
1
1

42,73
66,6
4
-4
1
1

42,75
66,55
0
-4
1
1

42,78
66,49
4
-4
1
1

42,8
66,44
4
0
1
1

42,83
66,37
0
-4
1
1

42,85
66,31
4
-4
1
1

42,88
66,25
0
0
1
1

42,91
66,19
0
0
1
1

42,95
66,13
0
0
1
1

42,98
66,06
0
0
1
1

43,02
65,99
4
0
1
1

43,05
65,93
0
-4
1
1

43,09
65,86
4
0
1
1

43,13
65,8
0
0
1
1

43,17
65,73
4
0
1
1

43,21
65,66
0
0
1
1

43,26
65,6
5
0
1
1

43,3
65,53
0
0
1
1

43,35
65,46
5
0
1
1

43,4
65,4
0
0
1
1

43,44
65,33
4
0
1
1

43,5
65,27
0
0
1
1

43,55
65,2
0
0
1
1

43,6
65,13
4
0
1
1

43,65
65,07
0
0
1
1

43,71
65
5
0
1
1

43,77
64,94
0
0
1
1

43,83
64,87
4
0
1
1

43,89
64,81
0
0
1
1

43,95
64,74
5
0
1
1

44,02
64,67
0
0
1
1

44,08
64,61
4
0
1
1

44,15
64,54
0
0
1
1

44,22
64,48
5
0
1
1

44,29
64,41
0
0
1
1

44,36
64,35
4
0
1
1

44,43
64,28
0
0
1
1

44,51
64,21
4
0
1
1

44,59
64,15
5
0
1
1

44,66
64,08
0
0
1
1

44,74
64,02
4
0
1
1

44,82
63,95
0
0
1
1

44,91
63,88
5
0
1
1

44,99
63,82
0
0
1
1

45,08
63,75
5
0
1
1

45,16
63,68
0
0
1
1

45,25
63,62
5
0
1
1

45,34
63,55
0
0
1
1

45,44
63,49
6
0
1
1

45,53
63,42
4
0
1
1

45,63
63,35
0
0
1
1

45,73
63,28
5
0
1
1

45,83
63,22
4
0
1
1

45,93
63,15
0
0
1
1

46,03
63,08
6
0
1
1

46,14
63,01
0
0
1
1

46,24
62,94
0
0
1
1

46,35
62,88
5
0
1
1

46,46
62,81
0
0
1
1

46,57
62,74
5
0
1
1

46,68
62,67
4
0
1
1

46,8
62,6
0
0
1
1

46,91
62,53
4
0
1
1

47,03
62,46
6
0
1
1

47,15
62,39
0
0
1
1

47,27
62,32
6
0
1
1

47,39
62,25
0
0
1
1

47,51
62,18
4
0
1
1

47,64
62,11
4
0
1
1

47,76
62,03
0
0
1
1

47,89
61,96
7
0
1
1

48,02
61,89
0
0
1
1

48,15
61,82
6
0
1
1

48,28
61,75
0
0
1
1

48,42
61,67
0
0
1
1

48,55
61,6
6
0
1
1

48,69
61,52
0
0
1
1

48,83
61,45
7
0
1
1

48,97
61,38
0
0
1
1

49,11
61,3
7
0
1
1

49,25
61,22
0
0
1
1

49,39
61,15
0
0
1
1

49,54
61,07
0
0
1
1

49,68
61
0
0
1
1

49,83
60,92
0
0
1
1

49,97
60,84
0
0
1
1

50,12
60,76
0
0
1
1

50,27
60,68
0
0
1
1

50,42
60,61
0
0
1
1

50,56
60,53
0
0
1
1

50,71
60,45
0
0
1
1

50,86
60,37
0
0
1
1

51,01
60,29
0
0
1
1

51,16
60,21
0
0
1
1

51,31
60,12
4
0
1
1

51,46
60,04
0
0
1
1

51,61
59,96
4
0
1
1

51,76
59,88
0
0
1
1

51,91
59,79
4
0
1
1

52,06
59,71
0
0
1
1

52,21
59,63
4
0
1
1

52,36
59,54
0
0
1
1

52,51
59,46
4
0
1
1

52,67
59,37
0
0
1
1

52,82
59,29
0
0
1
1

52,97
59,2
0
0
1
1

53,12
59,11
4
0
1
1

53,27
59,03
0
0
1
1

53,42
58,94
0
0
1
1

53,58
58,85
0
0
1
1

53,73
58,76
0
0
1
1

53,88
58,67
0
0
1
1

54,03
58,58
0
0
1
1

54,18
58,49
0
0
1
1

54,33
58,4
0
0
1
1

54,48
58,31
0
0
1
1

54,63
58,22
0
0
1
1

54,77
58,13
0
0
1
1

54,92
58,04
0
0
1
1

55,07
57,95
0
0
1
1

55,22
57,85
0
0
1
1

55,36
57,76
0
0
1
1

55,51
57,67
0
0
1
1

55,65
57,57
0
0
1
1

55,8
57,48
0
0
1
5

55,94
57,38
0
0
1
5

56,09
57,29
0
0
1
5

56,23
57,19
0
0
1
5

56,38
57,1
0
0
1
5

56,52
57
0
0
1
5

56,66
56,91
0
0
1
5

56,8
56,81
0
0
1
5

56,94
56,71
0
0
1
5

57,09
56,61
0
0
1
5

57,23
56,52
0
0
1
5

57,37
56,42
0
0
1
5

57,51
56,32
0
0
1
5

57,65
56,22
0
0
1
5

57,79
56,12
0
0
1
5

57,93
56,02
0
0
1
10

58,07
55,92
0
0
1
10

58,21
55,82
0
0
1
10

58,34
55,72
0
0
1
10

58,48
55,62
0
0
1
10

58,62
55,52
0
0
1
10

58,76
55,42
0
0
1
10

58,89
55,31
0
0
1
10

59,03
55,21
0
0
1
10

59,17
55,11
0
0
1
10

59,3
55,01
0
0
1
10

59,44
54,9
0
0
1
10

59,57
54,8
0
0
1
10

59,71
54,7
0
0
1
10

59,84
54,59
0
0
1
10

59,98
54,49
0
0
1
15

60,11
54,38
0
0
1
15

60,24
54,28
0
0
1
15

60,38
54,17
0
0
1
15

60,51
54,07
0
0
1
15

60,64
53,96
0
0
1
15

60,77
53,85
0
0
1
15

60,9
53,75
0
0
1
15

61,03
53,64
0
0
1
15

61,16
53,53
0
0
1
15

61,29
53,43
0
0
1
15

61,42
53,32
0
0
1
15

61,55
53,21
0
0
1
15

61,68
53,1
0
0
1
15

61,81
52,99
0
0
1
15

61,94
52,89
0
0
1
20

62,07
52,78
0
0
1
20

62,2
52,67
0
0
1
20

62,32
52,56
-4
0
1
20

62,45
52,45
0
0
1
20

62,58
52,34
0
0
1
20

62,7
52,23
0
0
1
20

62,83
52,12
0
0
1
20

62,95
52,01
-5
0
1
20

63,08
51,89
0
0
1
20

63,2
51,78
-6
0
1
20

63,32
51,67
0
0
1
20

63,44
51,56
0
0
1
20

63,56
51,45
-7
0
1
20

63,67
51,34
0
0
1
20

63,79
51,22
-8
0
1
15

63,9
51,11
0
0
1
15

64,01
51
0
0
1
15

64,12
50,89
-8
0
1
15

64,23
50,77
0
0
1
15

64,34
50,66
-6
0
1
15

64,44
50,55
-5
0
1
15

64,54
50,43
0
0
1
15

64,64
50,32
-7
0
1
15

64,74
50,21
0
0
1
15

64,83
50,09
-4
0
1
15

64,92
49,98
0
0
1
15

65,01
49,87
-4
0
1
15

65,1
49,75
-6
0
1
15

65,19
49,64
0
0
1
15

65,27
49,53
-6
0
1
10

65,36
49,41
-4
0
1
10

65,44
49,3
0
0
1
10

65,52
49,18
-6
0
1
10

65,59
49,07
0
0
1
10

65,67
48,96
-6
0
1
10

65,74
48,85
0
0
1
10

65,82
48,73
-4
0
1
10

65,89
48,62
-5
0
1
10

65,96
48,51
0
0
1
10

66,02
48,39
-7
0
1
10

66,09
48,28
0
0
1
10

66,15
48,17
-5
0
1
10

66,21
48,05
-6
0
1
10

66,27
47,94
0
0
1
10

66,33
47,83
-7
0
1
15

66,38
47,72
0
0
1
15

66,44
47,6
-7
0
1
15

66,48
47,49
-6
4
1
15

66,53
47,38
-6
4
1
15

66,58
47,27
-7
4
1
15

66,62
47,17
-5
4
1
15

66,65
47,06
-8
5
1
15

66,69
46,96
-6
5
1
15

66,72
46,87
-6
5
1
15

66,74
46,78
-6
5
1
15

66,77
46,69
-4
5
1
15

66,78
46,6
-5
5
1
15

66,8
46,52
0
4
1
15

66,81
46,44
0
0
1
15

66,83
46,36
0
0
1
10

66,84
46,28
0
0
1
10

66,85
46,21
-4
0
1
10

66,86
46,13
0
0
1
10

66,88
46,06
0
0
1
10

66,89
45,98
0
0
1
10

66,9
45,91
0
4
1
10

66,91
45,83
-4
4
1
10

66,92
45,75
0
4
1
10

66,93
45,68
-5
0
1
10

66,94
45,61
0
0
1
10

66,95
45,54
-4
4
1
10

66,95
45,47
-4
4
1
10

66,96
45,41
0
0
1
10

66,96
45,34
-4
0
1
10

66,96
45,28
0
0
1
15

66,96
45,22
-4
0
1
15

66,96
45,15
0
0
1
15

66,96
45,09
0
0
1
15

66,96
45,03
0
0
1
15

66,96
44,97
0
0
1
15

66,96
44,91
0
0
1
15

66,96
44,85
0
0
1
15

66,96
44,79
0
0
1
15

66,96
44,73
0
0
1
15

66,96
44,68
0
0
1
15

66,96
44,62
0
0
1
15

66,96
44,56
0
0
1
15

66,96
44,5
0
0
1
15

66,96
44,44
0
0
1
15

66,97
44,39
0
0
1
20

66,97
44,33
0
0
1
20

66,97
44,27
0
0
1
20

66,97
44,22
0
0
1
20

66,97
44,16
0
0
1
20

66,98
44,1
0
0
1
20

66,98
44,05
0
0
1
20

66,98
43,99
0
0
1
20

66,99
43,93
0
0
1
20

66,99
43,88
0
0
1
20

66,99
43,83
0
0
1
20

67
43,77
0
0
1
20

67
43,71
0
0
1
20

67,01
43,66
0
0
1
20

67,01
43,6
0
0
1
20

67,02
43,55
0
0
1
25

67,02
43,5
0
0
1
25

67,03
43,44
0
0
1
25

67,03
43,39
0
0
1
25

67,04
43,34
0
0
1
25

67,05
43,28
0
0
1
25

67,05
43,23
0
4
1
25

67,06
43,18
0
4
1
25

67,06
43,12
0
4
1
25

67,07
43,08
0
0
1
25

67,08
43,03
0
0
1
25

67,09
42,98
0
4
1
25

67,09
42,94
0
4
1
25

67,1
42,89
0
4
1
25

67,11
42,85
0
0
1
25

67,12
42,81
0
0
1
30

67,13
42,77
0
4
1
30

67,14
42,74
0
4
1
30

67,15
42,7
0
5
1
30

67,17
42,67
0
4
1
30

67,18
42,64
0
4
1
30

67,19
42,62
0
4
1
30

67,2
42,59
0
5
1
30

67,22
42,57
0
5
1
30

67,23
42,55
0
5
1
30

67,24
42,54
0
5
1
30

67,26
42,53
0
5
1
30

67,27
42,52
0
5
1
30

67,29
42,5
0
5
1
30

67,3
42,5
0
5
1
30

67,32
42,49
0
5
1
25

67,34
42,49
0
5
1
25

67,35
42,48
0
5
1
25

67,37
42,48
0
5
1
25

67,39
42,48
0
5
1
25

67,41
42,48
0
5
1
25

67,43
42,49
0
5
1
25

67,45
42,49
0
4
1
25

67,47
42,49
0
5
1
25

67,5
42,5
0
4
1
25

67,52
42,5
0
4
1
25

67,54
42,51
0
4
1
25

67,56
42,52
0
4
1
25

67,58
42,52
0
4
1
25

67,61
42,53
0
0
1
25

67,63
42,53
0
0
1
30

67,65
42,54
0
4
1
30

67,68
42,54
0
0
1
30

67,7
42,54
0
0
1
30

67,73
42,54
0
0
1
30

67,75
42,53
0
0
1
30

67,77
42,53
-4
0
1
30

67,8
42,52
0
0
1
30

67,82
42,52
-4
0
1
30

67,85
42,51
0
0
1
30

67,87
42,5
0
4
1
30

67,9
42,48
-5
4
1
30

67,92
42,47
0
4
1
30

67,94
42,46
-5
0
1
30

67,96
42,44
0
0
1
30

67,98
42,43
-4
0
1
25

68
42,41
-4
0
1
25

68,02
42,39
0
0
1
25

68,03
42,37
-6
0
1
25

68,05
42,36
0
0
1
25

68,07
42,34
-4
4
1
25

68,08
42,31
-5
0
1
25

68,1
42,29
0
0
1
25

68,11
42,27
-7
0
1
25

68,12
42,24
0
0
1
25

68,14
42,22
-5
4
1
25

68,15
42,2
-5
0
1
25

68,16
42,17
0
4
1
25

68,17
42,15
-7
0
1
25

68,18
42,13
0
0
1
25

68,19
42,11
-6
4
1
30

68,2
42,08
-6
4
1
30

68,21
42,06
0
4
1
30

68,21
42,04
-8
4
1
30

68,22
42,02
0
4
1
30

68,23
42,01
-6
4
1
30

68,23
41,99
-6
4
1
30

68,24
41,97
0
5
1
30

68,24
41,96
-8
4
1
30

68,25
41,95
0
5
1
30

68,25
41,94
-6
5
1
30

68,25
41,93
-6
4
1
30

68,26
41,92
-4
4
1
30

68,26
41,92
-5
4
1
30

68,26
41,91
-5
5
1
30

68,26
41,91
-4
5
1
35

68,25
41,91
-5
5
1
35

68,25
41,91
-4
5
1
35

68,25
41,91
-4
5
1
35

68,24
41,91
-4
5
1
35

68,23
41,91
-4
5
1
35

68,23
41,92
-5
5
1
35

68,22
41,92
-4
4
1
35

68,21
41,93
-4
4
1
35

68,2
41,93
-4
4
1
35

68,19
41,94
0
4
1
35

68,18
41,95
-5
5
1
35

68,17
41,95
-4
5
1
35

68,16
41,96
-4
5
1
35

68,15
41,97
-4
5
1
35

68,15
41,97
0
5
1
40

68,14
41,98
-5
5
1
40

68,13
41,99
-4
5
1
40

68,13
41,99
-4
5
1
40

68,12
42
-5
5
1
40

68,12
42,01
-4
5
1
40

68,11
42,02
-4
5
1
40

68,11
42,02
-4
5
1
40

68,1
42,03
-4
5
1
40

68,1
42,04
-4
4
1
40

68,1
42,04
0
5
1
40

68,09
42,05
-4
5
1
40

68,09
42,06
-4
4
1
40

68,09
42,07
0
4
1
40

68,08
42,08
-4
4
1
40

68,08
42,09
0
4
1
45

68,08
42,1
-4
4
1
45

68,07
42,11
0
4
1
45

68,07
42,12
0
4
1
45

68,07
42,13
-4
4
1
45

68,07
42,14
0
4
1
45

68,07
42,16
-4
4
1
45

68,07
42,17
0
4
1
45

68,07
42,18
0
4
1
45

68,07
42,19
0
4
1
45

68,07
42,2
0
0
1
45

68,07
42,22
-4
4
1
45

68,08
42,22
-4
4
1
45

68,08
42,23
0
4
1
45

68,08
42,24
-6
4
1
45

68,09
42,24
0
4
1
40

68,09
42,25
-5
4
1
40

68,1
42,25
-4
4
1
40

68,1
42,26
0
4
1
40

68,11
42,26
-5
0
1
40

68,11
42,27
0
0
1
40

68,12
42,27
-5
4
1
40

68,13
42,27
0
0
1
40

68,13
42,27
0
4
1
40

68,14
42,27
-5
4
1
40

68,15
42,27
0
4
1
40

68,16
42,26
-6
4
1
40

68,16
42,26
0
0
1
40

68,17
42,26
-4
4
1
40

68,18
42,25
-4
4
1
40

68,19
42,25
0
4
1
45

68,2
42,24
-6
4
1
45

68,21
42,24
0
4
1
45

68,22
42,23
-4
5
1
45

68,23
42,22
-4
4
1
45

68,24
42,22
0
5
1
45

68,25
42,21
-7
5
1
45

68,26
42,21
0
4
1
45

68,27
42,2
-5
5
1
45

68,28
42,2
-4
4
1
45

68,29
42,19
0
5
1
45

68,3
42,19
-6
4
1
45

68,31
42,18
0
5
1
45

68,33
42,18
-5
5
1
45

68,34
42,17
-4
5
1
45

68,35
42,16
0
5
1
50

68,36
42,16
-7
5
1
50

68,37
42,15
0
5
1
50

68,38
42,14
-6
5
1
50

68,4
42,14
-4
5
1
50

68,41
42,13
0
5
1
50

68,42
42,12
-7
5
1
50

68,43
42,12
0
5
1
50

68,44
42,11
-6
5
1
50

68,46
42,1
-4
5
1
50

68,47
42,1
0
6
1
50

68,48
42,09
-7
5
1
50

68,49
42,08
0
6
1
50

68,51
42,07
-6
6
1
50

68,52
42,07
-4
6
1
50

68,53
42,06
0
6
1
45

68,54
42,05
-8
6
1
45

68,56
42,04
0
6
1
45

68,57
42,03
-7
6
1
45

68,58
42,03
-4
6
1
45

68,6
42,02
0
6
1
45

68,61
42,01
-7
6
1
45

68,63
42,01
0
6
1
45

68,64
42
-7
7
1
45

68,65
41,99
-4
6
1
45

68,67
41,98
0
7
1
45

68,68
41,98
-8
6
1
45

68,69
41,97
0
6
1
45

68,71
41,97
-7
7
1
45

68,72
41,96
-4
6
1
45

68,73
41,96
0
7
1
40

68,75
41,96
-8
6
1
40

68,76
41,95
0
7
1
40

68,77
41,95
-7
7
1
40

68,78
41,95
-5
7
1
40

68,79
41,95
0
7
1
40

68,8
41,94
-8
7
1
40

68,81
41,94
0
7
1
40

68,82
41,94
-7
7
1
40

68,83
41,94
-4
6
1
40

68,85
41,94
0
7
1
40

68,86
41,94
-8
7
1
40

68,87
41,94
0
7
1
40

68,88
41,94
-7
7
1
40

68,89
41,93
-5
7
1
40

68,9
41,93
0
7
1
45

68,92
41,93
-8
7
1
45

68,93
41,92
0
7
1
45

68,94
41,92
-7
7
1
45

68,95
41,92
-5
7
1
45

68,97
41,91
0
7
1
45

68,98
41,91
-8
7
1
45

68,99
41,91
0
7
1
45

69
41,9
-7
7
1
45

69,01
41,9
-5
6
1
45

69,03
41,89
0
7
1
45

69,04
41,89
-8
6
1
45

69,05
41,89
0
6
1
45

69,06
41,89
-7
6
1
45

69,07
41,88
-5
6
1
45

69,08
41,88
0
6
1
40

69,09
41,88
-8
6
1
40

69,11
41,87
0
6
1
40

69,12
41,87
-7
6
1
40

69,13
41,87
-5
6
1
40

69,14
41,87
0
7
1
40

69,15
41,87
-8
6
1
40

69,16
41,86
0
6
1
40

69,17
41,86
-7
7
1
40

69,18
41,86
-5
6
1
40

69,19
41,86
0
7
1
40

69,2
41,86
-8
6
1
40

69,22
41,85
0
7
1
40

69,23
41,85
-7
7
1
40

69,24
41,85
-5
7
1
40

69,25
41,84
0
7
1
35

69,26
41,84
-8
7
1
35

69,27
41,84
0
7
1
35

69,29
41,83
-7
7
1
35

69,3
41,83
-5
7
1
35

69,31
41,82
0
7
1
35

69,32
41,82
-8
7
1
35

69,34
41,81
0
7
1
35

69,35
41,81
-8
7
1
35

69,36
41,81
-5
6
1
35

69,37
41,8
0
7
1
35

69,38
41,8
-8
7
1
35

69,4
41,79
0
7
1
35

69,41
41,79
-8
7
1
35

69,42
41,78
-5
7
1
35

69,44
41,77
0
7
1
40

69,45
41,77
-9
7
1
40

69,46
41,76
0
7
1
40

69,47
41,75
-8
7
1
40

69,49
41,75
-4
6
1
40

69,5
41,74
0
7
1
40

69,51
41,73
-8
6
1
40

69,53
41,72
0
7
1
40

69,54
41,72
-7
7
1
40

69,56
41,71
-5
6
1
40

69,57
41,7
0
7
1
40

69,59
41,69
-8
7
1
40

69,6
41,68
0
7
1
40

69,62
41,68
-7
7
1
40

69,63
41,67
-5
6
1
40

69,65
41,66
0
7
1
35

69,66
41,64
-8
7
1
35

69,68
41,63
0
7
1
35

69,69
41,62
-8
7
1
35

69,71
41,61
-5
7
1
35

69,73
41,6
0
7
1
35

69,74
41,59
-8
7
1
35

69,76
41,58
0
7
1
35

69,77
41,57
-8
7
1
35

69,79
41,56
-5
7
1
35

69,81
41,55
0
7
1
35

69,82
41,54
-8
7
1
35

69,84
41,53
0
7
1
35

69,86
41,52
-7
7
1
35

69,87
41,5
-5
7
1
35

69,89
41,49
0
7
1
40

69,9
41,48
-8
7
1
40

69,92
41,47
0
7
1
40

69,94
41,46
-7
7
1
40

69,96
41,44
-5
7
1
40

69,97
41,43
0
7
1
40

69,99
41,42
-8
7
1
40

70,01
41,41
0
7
1
40

70,03
41,4
-8
8
1
40

70,04
41,38
-5
7
1
40

70,06
41,37
0
8
1
40

70,08
41,36
-8
7
1
40

70,1
41,35
0
7
1
40

70,11
41,34
-8
8
1
40

70,13
41,33
-6
8
1
40

70,14
41,32
-4
8
1
35

70,16
41,31
-9
8
1
35

70,17
41,3
0
8
1
35

70,19
41,29
-8
8
1
35

70,2
41,28
-5
8
1
35

70,22
41,28
-4
8
1
35

70,23
41,27
-8
8
1
35

70,25
41,26
0
8
1
35

70,26
41,25
-8
8
1
35

70,27
41,24
-5
7
1
35

70,29
41,23
-5
8
1
35

70,3
41,22
-8
8
1
35

70,31
41,22
0
8
1
35

70,33
41,21
-8
8
1
35

70,34
41,2
-5
8
1
35

70,35
41,19
-5
8
1
30

70,37
41,18
-8
7
1
30

70,38
41,16
-4
8
1
30

70,39
41,15
-8
8
1
30

70,41
41,14
-5
7
1
30

70,42
41,13
-5
8
1
30

70,43
41,12
-7
7
1
30

70,45
41,11
-4
7
1
30

70,46
41,1
-7
8
1
30

70,48
41,09
-5
7
1
30

70,49
41,08
-5
7
1
30

70,5
41,06
-6
7
1
30

70,52
41,05
-5
7
1
30

70,53
41,04
-7
7
1
30

70,55
41,02
-5
7
1
30

70,56
41,01
-5
7
1
35

70,57
41
-6
7
1
35

70,59
40,98
-5
7
1
35

70,6
40,97
-6
7
1
35

70,62
40,96
-5
7
1
35

70,63
40,94
-5
6
1
35

70,65
40,93
-6
6
1
35

70,66
40,92
-4
6
1
35

70,68
40,9
-5
6
1
35

70,7
40,89
-4
6
1
35

70,71
40,87
0
6
1
35

70,73
40,86
-4
5
1
35

70,75
40,84
0
5
1
35

70,76
40,82
-4
5
1
35

70,78
40,81
-4
4
1
35

70,8
40,79
0
4
1
30

70,82
40,77
-4
4
1
30

70,84
40,75
0
0
1
30

70,86
40,74
0
0
1
30

70,89
40,72
0
0
1
30

70,91
40,69
0
0
1
30

70,93
40,67
0
0
1
30

70,96
40,64
0
0
1
30

70,98
40,62
0
0
1
30

71,01
40,59
0
0
1
30

71,03
40,56
0
0
1
30

71,06
40,53
0
0
1
30

71,09
40,5
0
0
1
30

71,11
40,47
0
0
1
30

71,14
40,45
0
0
1
30

71,17
40,42
0
0
1
25

71,2
40,39
0
0
1
25

71,22
40,36
0
0
1
25

71,25
40,33
0
0
1
25

71,28
40,3
0
0
1
25

71,3
40,27
0
0
1
25

71,33
40,24
0
0
1
25

71,36
40,21
0
0
1
25

71,39
40,18
0
0
1
25

71,41
40,16
0
0
1
25

71,44
40,13
0
0
1
25

71,47
40,1
0
0
1
25

71,5
40,07
0
-4
1
25

71,52
40,04
0
-4
1
25

71,55
40
0
0
1
25

71,58
39,97
0
0
1
30

71,61
39,94
0
0
1
30

71,64
39,91
0
-4
1
30

71,66
39,87
0
-4
1
30

71,69
39,84
0
0
1
30

71,72
39,8
0
0
1
30

71,74
39,77
0
0
1
30

71,77
39,74
0
0
1
30

71,8
39,71
0
-4
1
30

71,83
39,67
0
0
1
30

71,86
39,64
0
0
1
30

71,88
39,61
0
0
1
30

71,91
39,58
0
0
1
30

71,94
39,55
0
0
1
30

71,96
39,52
0
0
1
30

71,99
39,49
0
0
1
25

72,02
39,46
0
0
1
25

72,05
39,43
0
0
1
25

72,08
39,4
0
-4
1
25

72,1
39,37
0
-4
1
25

72,13
39,34
0
0
1
25

72,15
39,3
0
0
1
25

72,18
39,27
0
-4
1
25

72,21
39,24
0
-4
1
25

72,24
39,21
0
-4
1
25

72,29
39,14
0
-4
1
25

72,32
39,1
0
-4
1
25

72,35
39,07
0
-4
1
25

72,37
39,03
0
-4
1
25

72,4
38,99
0
-4
1
25

72,43
38,95
0
-4
1
20

72,46
38,91
0
-4
1
20

72,48
38,87
0
-5
1
20

72,51
38,82
0
-5
1
20

72,54
38,78
0
-5
1
20

72,56
38,74
0
-5
1
20

72,59
38,7
0
-5
1
20

72,62
38,65
0
-5
1
20

72,65
38,61
0
-5
1
20

72,68
38,57
0
-5
1
20

72,73
38,48
4
-5
1
20

72,76
38,44
0
-4
1
20

72,79
38,39
4
-5
1
20

72,82
38,35
0
-5
1
20

72,85
38,31
0
-5
1
20

72,88
38,26
4
-5
1
15

72,91
38,22
0
-4
1
15

72,94
38,18
0
-5
1
15

72,97
38,14
0
-5
1
15

73
38,09
0
-5
1
15

73,03
38,05
4
-5
1
15

73,06
38,01
0
-4
1
15

73,09
37,97
0
-4
1
15

73,12
37,92
0
-4
1
15

73,15
37,88
0
-4
1
15

73,21
37,8
0
-4
1
15

73,23
37,76
0
-4
1
15

73,26
37,71
0
-4
1
15

73,29
37,67
0
-4
1
15

73,32
37,63
0
-5
1
15

73,35
37,59
0
-5
1
20

73,38
37,54
0
-4
1
20

73,4
37,5
0
-4
1
20

73,43
37,46
0
-4
1
20

73,46
37,42
0
-4
1
20

73,48
37,37
0
-4
1
20

73,51
37,33
0
-4
1
20

73,54
37,29
0
-4
1
20

73,57
37,25
0
-4
1
20

73,6
37,21
0
-4
1
20

73,62
37,17
0
-4
1
20

73,65
37,13
0
-4
1
20

73,68
37,09
0
0
1
20

73,7
37,05
0
0
1
20

73,73
37,01
0
-4
1
20

73,76
36,97
0
-4
1
15

73,79
36,93
0
-4
1
15

73,81
36,9
0
-4
1
15

73,84
36,86
0
0
1
15

73,87
36,82
0
-4
1
15

73,9
36,78
4
-4
1
15

73,92
36,74
0
-4
1
15

73,95
36,7
0
-5
1
15

73,98
36,66
0
-4
1
15

74,01
36,62
0
-4
1
15

74,07
36,54
0
-4
1
15

74,09
36,5
0
-4
1
15

74,12
36,46
0
-4
1
15

74,15
36,42
0
-4
1
15

74,18
36,38
0
-4
1
15

74,21
36,34
0
-4
1
10

74,24
36,29
0
-5
1
10

74,26
36,25
0
-5
1
10

74,29
36,21
0
-4
1
10

74,32
36,17
0
-4
1
10

74,35
36,12
4
-4
1
10

74,37
36,08
0
-4
1
10

74,4
36,04
0
-4
1
10

74,43
35,99
0
-4
1
10

74,46
35,95
0
-4
1
10

74,49
35,91
0
-4
1
10

74,52
35,87
0
-5
1
10

74,55
35,82
0
-5
1
10

74,58
35,78
0
-5
1
10

74,61
35,73
0
-5
1
10

74,64
35,69
4
-4
1
5

74,67
35,64
0
-4
1
5

74,7
35,6
4
-4
1
5

74,73
35,55
0
-4
1
5

74,76
35,51
0
-4
1
5

74,8
35,46
5
-4
1
5

74,83
35,42
0
-4
1
5

74,86
35,37
4
-4
1
5

74,9
35,33
0
-5
1
5

74,93
35,28
0
-4
1
5

74,96
35,24
5
-4
1
5

75
35,19
0
-4
1
5

75,03
35,15
5
-4
1
5

75,07
35,11
0
-4
1
5

75,1
35,06
0
-4
1
5

75,14
35,02
5
-4
1
10

75,17
34,97
0
-4
1
10

75,2
34,93
5
-4
1
10

75,24
34,89
0
-5
1
10

75,27
34,84
0
-5
1
10

75,3
34,8
6
-4
1
10

75,34
34,75
0
-4
1
10

75,38
34,71
6
-5
1
10

75,41
34,67
0
-4
1
10

75,44
34,63
0
-4
1
10

75,48
34,58
6
-4
1
10

75,51
34,54
0
-4
1
10

75,55
34,49
5
-4
1
10

75,58
34,45
0
-5
1
10

75,62
34,4
0
-5
1
10

75,65
34,36
6
-4
1
15

75,69
34,31
0
-4
1
15

75,72
34,27
6
-5
1
15

75,76
34,22
0
-5
1
15

75,79
34,18
0
-5
1
15

75,83
34,14
6
-4
1
15

75,87
34,09
0
-5
1
15

75,9
34,04
5
-5
1
15

75,94
33,99
0
-5
1
15

75,97
33,95
0
-5
1
15

76,01
33,9
6
-4
1
15

76,04
33,85
0
-5
1
15

76,08
33,81
5
-5
1
15

76,11
33,76
0
-5
1
15

76,15
33,71
0
-6
1
15

76,19
33,66
6
-5
1
20

76,22
33,61
0
-5
1
20

76,26
33,56
5
-5
1
20

76,3
33,51
0
-5
1
20

76,33
33,46
0
-5
1
20

76,37
33,41
5
-5
1
20

76,4
33,36
0
-5
1
20

76,44
33,31
4
-5
1
20

76,48
33,26
0
-6
1
20

76,51
33,21
0
-6
1
20

76,55
33,15
5
-6
1
20

76,58
33,1
0
-6
1
20

76,62
33,05
5
-6
1
20

76,65
32,99
0
-5
1
20

76,69
32,94
0
-6
1
20

76,72
32,89
4
-5
1
15

76,76
32,84
0
-6
1
15

76,79
32,79
4
-6
1
15

76,83
32,74
0
-6
1
15

76,86
32,69
0
-6
1
15

76,89
32,64
4
-6
1
15

76,92
32,59
0
-6
1
15

76,96
32,54
0
-6
1
15

76,99
32,49
0
-5
1
15

77,02
32,44
0
-5
1
15

77,05
32,39
0
-5
1
15

77,11
32,29
0
-5
1
15

77,14
32,24
0
-6
1
15

77,16
32,19
0
-6
1
15

77,19
32,14
0
-6
1
15

77,22
32,08
0
-5
1
20

77,25
32,03
0
-5
1
20

77,28
31,98
0
-5
1
20

77,3
31,93
0
-5
1
20

77,33
31,88
0
-5
1
20

77,36
31,83
0
-5
1
20

77,39
31,78
0
-4
1
20

77,41
31,73
0
-4
1
20

77,44
31,68
0
-4
0
0

77,47
31,63
0
-4
0
0

77,5
31,59
0
-4
0
0

77,55
31,49
0
-4
0
0

77,58
31,44
0
-4
0
0

77,61
31,39
0
-4
0
0

77,64
31,34
0
-4
0
0

77,66
31,3
0
-4
0
0

77,69
31,25
0
-4
0
0

77,72
31,21
0
-4
0
0

77,75
31,16
0
0
0
0

77,77
31,11
0
0
0
0

77,8
31,07
0
-4
0
0

77,83
31,03
0
-4
0
0

77,86
30,98
0
-4
0
0

77,88
30,94
0
0
0
0

77,91
30,9
0
0
0
0

77,94
30,86
0
-4
0
0

77,97
30,82
0
0
0
0

77,99
30,78
0
0
0
0

78,02
30,75
0
0
0
0

78,05
30,71
0
0
0
0

78,08
30,68
0
0
0
0

78,1
30,64
0
0
0
0

78,13
30,61
0
0
0
0

78,16
30,58
0
0
0
0

78,19
30,54
0
0
0
0

78,21
30,51
0
0
0
0

78,24
30,48
0
0
0
0

78,27
30,44
0
0
0
0

78,29
30,41
0
0
0
0

78,32
30,38
0
0
0
0

78,38
30,32
0
0
0
0

78,4
30,29
0
0
0
0

78,43
30,26
0
0
0
0

78,46
30,23
0
0
0
0

78,49
30,2
0
0
0
0

78,51
30,17
0
0
0
0

78,54
30,13
0
0
0
0

78,57
30,1
0
0
0
0

78,6
30,07
0
0
0
0

78,62
30,04
0
0
0
0

78,65
30,01
0
0
0
0

78,68
29,99
0
0
0
0

78,71
29,96
0
0
0
0

78,73
29,92
0
0
0
0

78,76
29,9
0
0
0
0

78,79
29,87
0
0
0
0

78,82
29,84
0
0
0
0

78,84
29,81
0
0
0
0

78,87
29,78
0
0
0
0

78,9
29,75
0
0
0
0

78,93
29,72
0
0
0
0

78,95
29,69
0
0
0
0

78,98
29,66
0
0
0
0

79,01
29,63
0
0
0
0

79,04
29,6
0
0
0
0

79,07
29,58
0
0
0
0

79,09
29,55
0
0
0
0

79,12
29,52
0
0
0
0

79,15
29,49
0
0
0
0

79,17
29,46
0
0
0
0

79,2
29,43
0
0
0
0

79,26
29,37
0
0
0
0

79,28
29,34
0
0
0
0

79,31
29,31
0
0
0
0

79,34
29,29
0
0
0
0

79,37
29,26
0
0
0
0

79,39
29,23
0
0
0
0

79,42
29,2
0
0
0
0

79,45
29,17
0
0
0
0

79,48
29,14
0
0
0
0

79,5
29,11
0
0
0
0

79,53
29,08
0
0
0
0

79,56
29,05
0
0
0
0

79,59
29,02
0
0
0
0

79,61
28,99
0
0
0
0

79,64
28,97
0
0
0
0

79,66
28,94
0
0
0
0

79,69
28,91
0
0
0
0

79,71
28,88
0
0
0
0

79,74
28,85
0
0
0
0

79,76
28,82
0
0
0
0

79,78
28,79
-4
0
0
0

79,8
28,76
0
0
0
0

79,81
28,73
0
0
0
0

79,83
28,7
-4
0
0
0

79,85
28,67
0
0
0
0

79,86
28,65
-4
0
0
0

79,88
28,62
0
0
0
0

79,89
28,59
0
0
0
0

79,91
28,56
-5
0
0
0

79,92
28,53
0
0
0
0

79,93
28,5
-5
0
0
0

79,94
28,47
0
0
0
0

79,95
28,45
0
0
0
0

79,95
28,42
-6
0
0
0

79,96
28,4
0
0
0
0

79,96
28,37
-6
0
0
0

79,97
28,35
0
0
0
0

79,97
28,33
-4
0
0
0

79,98
28,31
-6
4
0
0

79,98
28,29
0
4
0
0

79,98
28,27
-6
0
0
0

79,98
28,25
0
0
0
0

79,98
28,24
-4
4
0
0

79,99
28,23
-6
4
0
0

79,99
28,21
0
4
0
0

79,98
28,2
-6
0
0
0

79,98
28,2
0
4
0
0

79,98
28,19
-5
5
0
0

79,98
28,19
-6
5
0
0

79,98
28,18
0
5
0
0

79,98
28,18
-5
4
0
0

79,98
28,18
-4
5
0
0

79,98
28,18
-5
5
0
0

79,97
28,17
-5
5
0
0

79,97
28,17
-4
5
0
0

79,97
28,17
-4
5
0
0

79,97
28,17
-4
4
0
0

79,97
28,17
-4
5
0
0

79,97
28,17
-5
5
0
0

79,97
28,17
0
5
0
0

79,97
28,17
-5
5
0
0

79,97
28,18
-4
5
0
0

79,97
28,18
-4
5
0
0

79,97
28,18
-5
5
0
0

79,97
28,18
0
5
0
0

79,97
28,18
-4
5
0
0

79,97
28,18
-4
5
0
0

79,98
28,18
-5
5
0
0

79,98
28,18
-4
5
0
0

79,98
28,18
-4
5
0
0

79,98
28,18
-4
5
0
0

79,99
28,18
-4
5
0
0

79,99
28,18
-5
5
0
0

80
28,19
0
5
0
0

80
28,19
-5
5
0
0

80,01
28,19
-4
5
0
0

80,02
28,19
-4
5
0
0

80,02
28,19
-5
5
0
0

80,03
28,2
0
5
0
0

80,03
28,2
-5
6
0
0

80,03
28,21
-4
6
0
0

80,04
28,22
-4
6
0
0

80,04
28,22
-6
6
0
0

80,04
28,23
0
6
0
0

80,05
28,24
-6
6
0
0

80,05
28,25
-4
6
0
0

80,05
28,26
-4
6
0
0

80,06
28,27
-6
6
0
0

80,06
28,28
0
6
0
0

80,07
28,29
-5
6
0
0

80,07
28,3
0
6
0
0

80,08
28,31
-4
6
0
0

80,08
28,32
-5
6
0
0

80,09
28,33
0
5
0
0

80,09
28,33
-5
5
0
0

80,1
28,34
0
5
0
0

