3/03/2017 10:01

42,59
66,98
0
0
42,59
66,99
0
0
42,59
67
0
0
42,59
67,01
0
0
42,59
67,01
0
0
42,59
67,02
0
0
42,59
67,03
0
0
42,59
67,03
0
0
42,59
67,04
0
0
42,59
67,04
0
0
42,59
67,05
0
0
42,59
67,05
0
0
42,59
67,06
0
0
42,59
67,06
0
0
42,59
67,07
0
0
42,59
67,07
0
0
42,59
67,07
0
0
42,59
67,08
0
0
42,59
67,08
0
0
42,59
67,08
0
0
42,59
67,09
0
0
42,59
67,09
0
0
42,59
67,09
0
0
42,59
67,09
0
0
42,59
67,09
0
0
42,59
67,09
0
0
42,59
67,09
0
0
42,59
67,09
0
0
42,59
67,09
0
0
42,59
67,09
0
0
42,59
67,09
0
0
42,59
67,09
0
0
42,59
67,09
0
0
42,59
67,09
0
0
42,59
67,09
0
0
42,59
67,09
0
0
42,59
67,09
0
0
42,59
67,09
0
0
42,59
67,09
0
0
42,59
67,09
0
0
42,59
67,09
0
0
42,59
67,09
0
0
42,59
67,09
0
0
42,59
67,09
0
0
42,59
67,09
0
0
42,59
67,09
0
0
42,59
67,09
0
0
42,59
67,09
0
0
42,59
67,09
0
0
42,59
67,09
0
0
42,59
67,09
0
0
42,59
67,09
0
0
42,59
67,09
0
0
42,59
67,09
0
0
42,59
67,09
0
0
42,59
67,09
0
0
42,59
67,09
0
0
42,59
67,09
0
0
42,59
67,09
0
0
42,59
67,09
0
0
42,59
67,09
0
0
42,59
67,09
0
0
42,59
67,09
0
0
42,59
67,09
0
0
42,59
67,09
0
0
42,59
67,09
0
0
42,59
67,09
0
0
42,59
67,09
0
0
42,59
67,09
0
0
42,59
67,09
0
0
42,59
67,09
0
0
42,59
67,09
0
0
42,59
67,09
0
-4
42,59
67,09
0
-4
42,59
67,09
0
0
42,59
67,09
0
-4
42,59
67,09
0
-4
42,59
67,08
0
0
42,59
67,07
0
-4
42,59
67,06
0
0
42,59
67,05
0
0
42,59
67,04
0
0
42,59
67,03
0
0
42,59
67,02
0
0
42,59
67,01
0
0
42,59
67
0
0
42,59
66,99
0
0
42,59
66,98
0
0
42,59
66,97
0
0
42,59
66,96
0
0
42,59
66,95
0
0
42,59
66,94
0
0
42,59
66,94
0
0
42,59
66,93
0
0
42,59
66,92
0
0
42,59
66,91
0
0
42,59
66,9
0
0
42,59
66,89
0
0
42,59
66,88
0
0
42,59
66,87
0
0
42,59
66,87
0
0
42,59
66,86
0
0
42,59
66,85
0
0
42,59
66,84
0
0
42,59
66,83
0
0
42,59
66,83
0
0
42,59
66,82
0
0
42,59
66,81
0
0
42,59
66,8
0
0
42,59
66,8
0
0
42,59
66,79
0
0
42,59
66,78
0
0
42,59
66,77
0
0
42,59
66,77
0
0
42,59
66,76
0
0
42,59
66,75
0
0
42,59
66,74
0
0
42,59
66,74
0
0
42,59
66,73
0
0
42,59
66,72
0
0
42,59
66,72
0
0
42,59
66,71
0
0
42,59
66,7
0
0
42,59
66,7
0
0
42,59
66,69
0
0
42,59
66,68
0
0
42,59
66,68
0
0
42,59
66,67
0
0
42,59
66,66
0
0
42,59
66,66
0
0
42,59
66,65
0
0
42,59
66,64
0
0
42,59
66,64
0
0
42,59
66,63
0
0
42,59
66,63
0
0
42,59
66,62
0
0
42,59
66,61
0
0
42,59
66,61
0
0
42,59
66,6
0
0
42,59
66,6
0
0
42,59
66,59
0
0
42,59
66,59
0
0
42,59
66,58
0
0
42,59
66,58
0
0
42,59
66,57
0
0
42,59
66,57
0
0
42,59
66,56
0
0
42,59
66,56
0
0
42,59
66,55
0
0
42,59
66,55
0
0
42,59
66,54
0
0
42,59
66,54
0
0
42,59
66,53
0
0
42,59
66,53
0
0
42,59
66,52
0
0
42,59
66,52
0
0
42,59
66,51
0
0
42,59
66,51
0
0
42,59
66,5
0
0
42,59
66,5
0
0
42,59
66,49
0
0
42,59
66,49
0
0
42,59
66,49
0
0
42,59
66,48
0
0
42,59
66,48
0
0
42,59
66,47
0
0
42,59
66,47
0
0
42,59
66,46
0
0
42,59
66,46
0
0
42,59
66,46
0
0
42,59
66,45
0
0
42,59
66,45
0
0
42,59
66,44
0
0
42,59
66,44
0
0
42,59
66,44
0
0
42,59
66,43
0
0
42,59
66,43
0
0
42,59
66,43
0
0
42,59
66,42
0
0
42,59
66,42
0
0
42,59
66,41
0
0
42,59
66,41
0
0
42,59
66,41
0
0
42,59
66,4
0
0
42,59
66,4
0
0
42,59
66,4
0
0
42,59
66,39
0
0
42,59
66,39
0
0
42,59
66,39
0
0
42,59
66,38
0
0
42,59
66,38
0
0
42,59
66,38
0
0
42,59
66,37
0
0
42,59
66,37
0
0
42,59
66,37
0
0
42,59
66,37
0
0
42,59
66,36
0
0
42,59
66,36
0
0
42,59
66,36
0
0
42,59
66,35
0
0
42,59
66,35
0
0
42,59
66,35
0
0
42,59
66,35
0
0
42,59
66,34
0
0
42,59
66,34
0
0
42,59
66,34
0
0
42,59
66,34
0
0
42,59
66,33
0
0
42,59
66,33
0
0
42,59
66,33
0
0
42,59
66,32
0
0
42,59
66,32
0
0
42,59
66,32
0
0
42,59
66,32
0
0
42,59
66,31
0
0
42,59
66,31
0
0
42,59
66,31
0
0
42,59
66,31
0
0
42,59
66,31
0
0
42,59
66,3
0
0
42,59
66,3
0
0
42,59
66,3
0
0
42,59
66,3
0
0
42,59
66,29
0
0
42,59
66,29
0
0
42,59
66,29
0
0
42,59
66,29
0
0
42,59
66,29
0
0
42,59
66,28
0
0
42,59
66,28
0
0
42,59
66,28
0
0
42,59
66,28
0
0
42,59
66,27
0
0
42,59
66,27
0
0
42,59
66,27
0
0
42,59
66,27
0
0
42,59
66,27
0
0
42,59
66,26
0
0
42,59
66,26
0
0
42,59
66,26
0
0
42,59
66,26
0
0
42,59
66,26
0
0
42,59
66,26
0
0
42,59
66,25
0
0
42,59
66,25
0
0
42,59
66,25
0
0
42,59
66,25
0
0
42,59
66,25
0
0
42,59
66,24
0
0
42,59
66,24
0
0
42,59
66,24
0
0
42,59
66,24
0
0
42,59
66,24
0
0
42,59
66,24
0
0
42,59
66,24
0
0
42,59
66,23
0
0
42,59
66,23
0
0
42,59
66,23
0
0
42,59
66,23
0
0
42,59
66,23
0
0
42,59
66,23
0
0
42,59
66,22
0
0
42,59
66,22
0
0
42,59
66,22
0
0
42,59
66,22
0
0
42,59
66,22
0
0
42,59
66,22
0
0
42,59
66,22
0
0
42,59
66,22
0
0
42,59
66,21
0
0
42,59
66,21
0
0
42,59
66,21
0
0
42,59
66,21
0
0
42,59
66,21
0
0
42,59
66,21
0
0
42,59
66,21
0
0
42,59
66,21
0
0
42,59
66,2
0
0
42,59
66,2
0
0
42,59
66,2
0
0
42,59
66,2
0
0
42,59
66,2
0
0
42,59
66,2
0
0
42,59
66,2
0
0
42,59
66,2
0
0
42,59
66,19
0
0
42,59
66,19
0
0
42,59
66,19
0
0
42,59
66,19
0
0
42,59
66,19
0
0
42,59
66,19
0
0
42,59
66,19
0
0
42,59
66,19
0
0
42,59
66,19
0
0
42,59
66,19
0
0
42,59
66,18
0
0
42,59
66,18
0
0
42,59
66,18
0
0
42,59
66,18
0
0
42,59
66,18
0
0
42,59
66,18
0
0
42,59
66,18
0
0
42,59
66,18
0
0
42,59
66,18
0
0
42,59
66,18
0
0
42,59
66,17
0
0
42,59
66,17
0
0
42,59
66,17
0
0
42,59
66,17
0
0
42,59
66,17
0
0
42,59
66,17
0
0
42,59
66,17
0
0
42,59
66,17
0
0
42,59
66,17
0
0
42,59
66,17
0
0
42,59
66,17
0
0
42,59
66,17
0
0
42,59
66,16
0
0
42,59
66,16
0
0
42,59
66,16
0
0
42,59
66,16
0
0
42,59
66,16
0
0
42,59
66,16
0
0
42,59
66,16
0
0
42,59
66,16
0
0
42,59
66,16
0
0
42,59
66,16
0
0
42,59
66,16
0
0
42,59
66,16
0
0
42,59
66,16
0
0
42,59
66,16
0
0
42,59
66,15
0
0
42,59
66,15
0
0
42,59
66,15
0
0
42,59
66,15
0
0
42,59
66,15
0
0
42,59
66,15
0
0
42,59
66,15
0
0
42,59
66,15
0
0
42,59
66,15
0
0
42,59
66,15
0
0
42,59
66,15
0
0
42,59
66,15
0
0
42,59
66,15
0
0
42,59
66,15
0
0
42,59
66,15
0
0
42,59
66,15
0
0
42,59
66,14
0
0
42,59
66,14
0
0
42,59
66,14
0
0
42,59
66,14
0
0
42,59
66,14
0
0
42,59
66,14
0
0
42,59
66,14
0
0
42,59
66,14
0
0
42,59
66,14
0
0
42,59
66,14
0
0
42,59
66,14
0
0
42,59
66,14
0
0
42,59
66,14
0
0
42,59
66,14
0
0
42,59
66,14
0
0
42,59
66,14
0
0
42,59
66,14
0
0
42,59
66,14
0
0
42,59
66,14
0
0
42,59
66,14
0
0
42,59
66,14
0
0
42,59
66,13
0
0
42,59
66,13
0
0
42,59
66,13
0
0
42,59
66,13
0
0
42,59
66,13
0
0
42,59
66,13
0
0
42,59
66,13
0
0
42,59
66,13
0
0
42,59
66,13
0
0
42,59
66,13
0
0
42,59
66,13
0
0
42,59
66,13
0
0
42,59
66,13
0
0
42,59
66,13
0
0
42,59
66,13
0
0
42,59
66,13
0
0
42,59
66,13
0
0
42,59
66,13
0
0
42,59
66,13
0
0
42,59
66,13
0
0
42,59
66,13
0
0
42,59
66,13
0
0
42,59
66,13
0
0
42,59
66,13
0
0
42,59
66,12
0
0
42,59
66,12
0
0
42,59
66,12
0
0
42,59
66,12
0
0
42,59
66,12
0
0
42,59
66,12
0
0
42,59
66,12
0
0
42,59
66,12
0
0
42,59
66,12
0
0
42,59
66,12
0
0
42,59
66,12
0
0
42,59
66,12
0
0
42,59
66,12
0
0
42,59
66,12
0
0
42,59
66,12
0
0
42,59
66,12
0
0
42,59
66,12
0
0
42,59
66,12
0
0
42,59
66,12
0
0
42,59
66,12
0
0
42,59
66,12
0
0
42,59
66,12
0
0
42,59
66,12
0
0
42,59
66,12
0
0
42,59
66,12
0
0
42,59
66,12
0
0
42,59
66,12
0
0
42,59
66,12
0
0
42,59
66,12
0
0
42,59
66,12
0
0
42,59
66,12
0
0
42,59
66,12
0
0
42,59
66,12
0
0
42,59
66,12
0
0
42,59
66,12
0
0
42,59
66,12
0
0
42,59
66,12
0
0
42,59
66,11
0
0
42,59
66,11
0
0
42,59
66,11
0
0
42,59
66,11
0
0
42,59
66,11
0
0
42,59
66,11
0
0
42,59
66,11
0
0
42,59
66,11
0
0
42,59
66,11
0
0
42,59
66,11
0
0
42,59
66,11
0
0
42,59
66,11
0
0
42,59
66,11
0
0
42,59
66,11
0
0
42,59
66,11
0
0
42,59
66,11
0
0
42,59
66,11
0
0
42,59
66,11
0
0
42,59
66,11
0
0
42,59
66,11
0
0
42,59
66,11
0
0
42,59
66,11
0
0
42,59
66,11
0
0
42,59
66,11
0
0
42,59
66,11
0
0
42,59
66,11
0
0
42,59
66,11
0
0
42,59
66,11
0
0
42,59
66,11
0
0
42,59
66,11
0
0
42,59
66,11
0
0
42,59
66,11
0
0
42,59
66,11
0
0
42,59
66,11
0
0
42,59
66,11
0
0
42,59
66,11
0
0
42,59
66,11
0
0
42,59
66,11
0
0
42,59
66,11
0
0
42,59
66,11
0
0
42,59
66,11
0
0
42,59
66,11
0
0
42,59
66,11
0
0
42,59
66,11
0
0
42,59
66,11
0
0
42,59
66,11
0
0
42,59
66,11
0
0
42,59
66,11
0
0
42,59
66,11
0
0
42,59
66,11
0
0
42,59
66,11
0
0
42,59
66,11
0
0
42,59
66,11
0
0
42,59
66,11
0
0
42,59
66,11
0
0
42,59
66,11
0
0
42,59
66,11
0
0
42,59
66,11
0
0
42,59
66,11
0
0
42,59
66,11
0
0
42,59
66,11
0
0
42,59
66,11
0
0
42,59
66,11
0
0
42,59
66,11
0
0
42,59
66,11
0
0
42,59
66,11
0
0
42,59
66,11
0
0
42,59
66,11
0
0
42,59
66,1
0
0
42,59
66,1
0
0
42,59
66,1
0
0
42,59
66,1
0
0
42,59
66,1
0
0
42,59
66,1
0
0
42,59
66,1
0
0
42,59
66,1
0
0
42,59
66,1
0
0
42,59
66,1
0
0
42,59
66,1
0
0
42,59
66,1
0
0
42,59
66,1
0
0
42,59
66,1
0
0
42,59
66,1
0
0
42,59
66,1
0
0
42,59
66,1
0
0
42,59
66,1
0
0
42,59
66,1
0
0
42,59
66,1
0
0
42,59
66,1
0
0
42,59
66,1
0
0
42,59
66,1
0
0
42,59
66,1
0
0
42,59
66,1
0
0
42,59
66,1
0
0
42,59
66,1
0
0
42,59
66,1
0
0
42,59
66,1
0
0
42,59
66,1
0
0
42,59
66,1
0
0
42,59
66,1
0
0
42,59
66,1
0
0
42,59
66,1
0
0
42,59
66,1
0
0
42,59
66,1
0
0
42,59
66,1
0
0
42,59
66,1
0
0
42,59
66,1
0
0
42,59
66,1
0
0
42,59
66,1
0
0
42,59
66,1
0
0
42,59
66,1
0
0
42,59
66,1
0
0
42,59
66,1
0
0
42,59
66,1
0
0
42,59
66,1
0
0
42,59
66,1
0
0
42,59
66,1
0
0
42,59
66,1
0
0
42,59
66,1
0
0
42,59
66,1
0
0
42,59
66,1
0
0
42,59
66,1
0
0
42,59
66,1
0
0
42,59
66,1
0
0
42,59
66,1
0
0
42,59
66,1
0
0
42,59
66,1
0
0
42,59
66,1
0
0
42,59
66,1
0
0
42,59
66,1
0
0
42,59
66,1
0
0
42,59
66,1
0
0
42,59
66,1
0
0
42,59
66,1
0
0
42,59
66,1
0
0
42,59
66,1
0
0
42,59
66,1
0
0
42,59
66,1
0
0
42,59
66,1
0
0
42,59
66,1
0
0
42,59
66,1
0
0
42,59
66,1
0
0
42,59
66,1
0
0
42,59
66,1
0
0
42,59
66,1
0
0
42,59
66,1
0
0
42,59
66,1
0
0
42,59
66,1
0
0
42,59
66,1
0
0
42,59
66,1
0
0
42,59
66,1
0
0
42,59
66,1
0
0
42,59
66,1
0
0
42,59
66,1
0
0
42,59
66,1
0
0
42,59
66,1
0
0
42,59
66,1
0
0
42,59
66,1
0
0
42,59
66,1
0
0
42,59
66,1
0
0
42,59
66,1
0
0
42,59
66,1
0
0
42,59
66,1
0
0
42,59
66,1
0
0
42,59
66,1
0
0
42,59
66,1
0
0
42,59
66,1
0
0
42,59
66,1
0
0
42,59
66,1
0
0
42,59
66,1
0
0
42,59
66,1
0
0
42,59
66,1
0
0
42,59
66,1
0
0
42,59
66,1
0
0
42,59
66,1
0
0
42,59
66,1
0
0
42,59
66,1
0
0
42,59
66,1
0
0
42,59
66,1
0
0
42,59
66,1
0
0
42,59
66,1
0
0
42,59
66,1
0
0
42,59
66,1
0
0
42,59
66,1
0
0
42,59
66,1
0
0
42,59
66,1
0
0
42,59
66,1
0
0
42,59
66,1
0
0
42,59
66,1
0
0
42,59
66,1
0
0
42,59
66,1
0
0
42,59
66,1
0
0
42,59
66,1
0
0
42,59
66,1
0
0
42,59
66,1
0
0
42,59
66,1
0
0
42,59
66,1
0
0
42,59
66,1
0
0
42,59
66,1
0
0
42,59
66,1
4
-4
42,59
66,1
4
-4
42,59
66,1
4
-5
42,6
66,09
5
-5
42,6
66,09
4
-5
42,61
66,08
5
-5
42,62
66,06
5
-5
42,63
66,04
6
-5
42,65
66,02
6
-5
42,67
66
6
-5
42,69
65,97
7
-6
42,72
65,95
6
-5
42,75
65,91
6
-5
42,78
65,88
7
-5
42,82
65,84
7
-5
42,86
65,8
6
-5
42,9
65,76
6
-4
42,95
65,71
5
-4
43
65,67
6
-4
43,06
65,62
5
0
43,11
65,56
7
-4
43,17
65,51
5
-4
43,24
65,46
7
-4
43,3
65,41
7
0
43,37
65,35
5
0
43,45
65,3
6
0
43,52
65,24
4
0
43,6
65,18
7
0
43,68
65,13
7
0
43,76
65,07
5
0
43,85
65,02
6
0
43,94
64,96
7
0
44,03
64,91
6
0
44,13
64,86
6
0
44,23
64,81
7
0
44,33
64,75
6
0
44,43
64,7
6
0
44,54
64,65
7
0
44,65
64,6
5
0
44,76
64,55
5
0
44,87
64,5
8
0
44,99
64,46
0
0
45,11
64,41
9
0
45,23
64,36
5
0
45,35
64,31
4
0
45,47
64,27
7
0
45,6
64,22
0
0
45,72
64,17
8
0
45,85
64,13
0
0
45,98
64,08
5
-4
46,11
64,04
6
0
46,24
63,99
0
0
46,37
63,94
9
-4
46,5
63,9
0
-4
46,64
63,84
6
-5
46,77
63,79
0
-5
46,91
63,73
0
-5
47,05
63,68
6
-5
47,18
63,62
-4
-5
47,32
63,55
8
-4
47,45
63,49
0
-5
47,59
63,42
5
-5
47,72
63,35
0
-5
47,86
63,28
4
-6
47,99
63,2
0
-5
48,13
63,13
0
-6
48,27
63,04
4
-5
48,4
62,96
0
-6
48,54
62,88
5
-7
48,67
62,79
-4
-6
48,8
62,7
4
-7
48,94
62,6
0
-5
49,07
62,5
0
-7
49,2
62,4
0
-6
49,33
62,3
0
-7
49,46
62,2
0
-5
49,59
62,09
0
-5
49,71
61,98
0
-4
49,84
61,87
0
-5
49,96
61,76
0
-5
50,09
61,64
0
-5
50,21
61,52
-4
-5
50,33
61,4
0
-5
50,45
61,28
0
-4
50,56
61,16
0
-4
50,68
61,03
0
-4
50,79
60,91
0
-4
50,9
60,78
0
0
51,01
60,65
0
0
51,12
60,52
0
0
51,23
60,4
0
0
51,33
60,27
-4
0
51,43
60,14
0
0
51,53
60,02
0
0
51,63
59,9
0
0
51,73
59,78
0
0
51,83
59,66
0
0
51,93
59,54
0
0
52,02
59,43
0
0
52,12
59,31
0
0
52,21
59,2
0
0
52,3
59,08
0
0
52,39
58,97
0
0
52,48
58,86
0
0
52,57
58,75
0
0
52,66
58,64
0
0
52,75
58,54
0
0
52,83
58,43
0
0
52,92
58,33
0
0
53
58,22
0
0
53,09
58,12
0
0
53,17
58,02
0
0
53,25
57,92
0
0
53,33
57,82
0
0
53,41
57,72
0
0
53,49
57,63
0
0
53,57
57,53
0
0
53,65
57,44
0
0
53,73
57,34
0
0
53,8
57,25
0
0
53,88
57,16
0
0
53,95
57,06
0
0
54,02
56,98
0
0
54,1
56,89
0
0
54,17
56,8
0
0
54,24
56,71
0
0
54,31
56,62
0
0
54,38
56,54
0
0
54,45
56,46
0
0
54,52
56,37
0
0
54,59
56,29
0
0
54,65
56,21
0
0
54,72
56,13
0
0
54,78
56,05
0
0
54,85
55,97
0
0
54,91
55,89
0
0
54,98
55,81
0
0
55,04
55,74
0
0
55,1
55,66
0
0
55,16
55,59
0
0
55,22
55,51
0
0
55,28
55,44
0
0
55,34
55,37
0
0
55,4
55,3
0
0
55,46
55,23
0
0
55,51
55,16
0
0
55,57
55,09
0
0
55,63
55,02
0
0
55,68
54,95
0
0
55,74
54,88
0
0
55,79
54,82
0
0
55,85
54,75
0
0
55,9
54,69
0
0
55,95
54,62
0
0
56
54,56
0
0
56,05
54,5
0
0
56,11
54,43
0
0
56,16
54,37
0
0
56,2
54,31
0
0
56,25
54,25
0
0
56,3
54,19
0
0
56,35
54,13
0
0
56,4
54,07
0
0
56,44
54,02
0
0
56,49
53,96
0
0
56,54
53,9
0
0
56,58
53,85
0
0
56,63
53,79
0
0
56,67
53,74
0
0
56,72
53,68
0
0
56,76
53,63
0
0
56,8
53,58
0
0
56,85
53,52
0
0
56,89
53,47
0
0
56,93
53,42
0
0
56,97
53,37
0
0
57,01
53,32
0
0
57,05
53,27
0
0
57,09
53,22
0
0
57,13
53,17
0
0
57,17
53,12
0
0
57,21
53,08
0
0
57,25
53,03
0
0
57,29
52,99
0
0
57,33
52,94
0
0
57,36
52,89
0
0
57,4
52,85
0
0
57,44
52,8
0
0
57,47
52,76
0
0
57,51
52,72
0
0
57,54
52,67
0
0
57,58
52,63
0
0
57,61
52,59
0
0
57,65
52,55
0
0
57,68
52,51
0
0
57,71
52,47
0
0
57,75
52,43
0
0
57,78
52,39
0
0
57,81
52,35
0
0
57,84
52,31
0
0
57,87
52,27
0
0
57,91
52,23
0
0
57,94
52,19
0
0
57,97
52,16
0
0
58
52,12
0
0
58,03
52,08
-4
0
58,06
52,05
0
0
58,08
52,01
-4
0
58,11
51,97
0
0
58,14
51,94
-4
0
58,17
51,9
0
0
58,19
51,87
0
0
58,21
51,84
0
0
58,24
51,8
0
0
58,26
51,77
-5
0
58,28
51,74
0
0
58,3
51,7
-4
0
58,32
51,67
0
0
58,33
51,64
0
0
58,35
51,61
-5
0
58,36
51,58
0
0
58,38
51,55
-5
0
58,39
51,52
0
0
58,4
51,49
0
0
58,41
51,46
-4
0
58,42
51,43
0
0
58,42
51,4
-5
0
58,43
51,37
0
0
58,43
51,34
-4
0
58,43
51,31
0
0
58,43
51,29
-4
0
58,43
51,26
0
0
58,43
51,23
0
0
58,43
51,2
0
0
58,43
51,18
0
0
58,43
51,15
0
0
58,43
51,12
0
0
58,43
51,1
0
0
58,43
51,07
0
0
58,43
51,05
-4
0
58,43
51,02
0
0
58,43
51
0
0
58,42
50,97
0
0
58,42
50,95
0
0
58,42
50,93
-4
0
58,42
50,9
0
0
58,41
50,88
0
0
58,41
50,86
0
0
58,4
50,83
0
0
58,4
50,81
0
0
58,39
50,79
0
0
58,39
50,76
0
0
58,39
50,74
0
0
58,38
50,72
0
0
58,38
50,7
0
0
58,37
50,68
0
0
58,37
50,66
0
0
58,36
50,63
0
0
58,36
50,61
0
0
58,36
50,59
0
0
58,35
50,57
0
0
58,35
50,55
0
0
58,34
50,53
0
0
58,34
50,51
0
0
58,34
50,5
0
0
58,33
50,48
0
0
58,33
50,46
0
0
58,32
50,44
0
0
58,32
50,42
0
0
58,32
50,4
0
0
58,31
50,38
0
0
58,31
50,37
0
0
58,31
50,35
0
0
58,3
50,33
0
0
58,3
50,31
0
0
58,3
50,3
0
0
58,29
50,28
0
0
58,29
50,26
0
0
58,29
50,25
0
0
58,28
50,23
0
0
58,28
50,21
0
0
58,28
50,2
0
0
58,27
50,18
0
0
58,27
50,17
0
0
58,27
50,15
0
0
58,26
50,14
0
0
58,26
50,12
0
0
58,26
50,1
0
0
58,25
50,09
0
0
58,25
50,08
0
0
58,25
50,06
0
0
58,25
50,05
0
0
58,24
50,03
0
0
58,24
50,02
0
0
58,24
50,01
0
0
58,24
49,99
0
0
58,23
49,98
0
0
58,23
49,96
0
0
58,23
49,95
0
0
58,22
49,94
0
0
58,22
49,92
0
0
58,22
49,91
0
0
58,22
49,9
0
0
58,21
49,89
0
0
58,21
49,87
0
0
58,21
49,86
0
0
58,21
49,85
0
0
58,21
49,84
0
4
58,2
49,82
0
4
58,2
49,81
0
0
58,2
49,8
0
4
58,2
49,79
0
4
58,19
49,78
0
4
58,19
49,78
0
0
58,19
49,77
0
0
58,19
49,77
0
0
58,19
49,77
0
4
58,18
49,76
0
0
58,18
49,76
0
0
58,18
49,76
0
4
58,18
49,76
0
4
58,18
49,76
0
0
58,17
49,76
0
4
58,17
49,77
0
0
58,17
49,77
0
0
58,17
49,78
0
0
58,17
49,78
0
0
58,16
49,79
0
0
58,16
49,8
0
0
58,16
49,8
0
0
58,16
49,81
0
0
58,16
49,82
0
0
58,15
49,83
0
0
58,15
49,83
0
0
58,15
49,84
0
0
58,15
49,85
0
0
58,15
49,85
0
0
58,15
49,86
0
0
58,14
49,87
0
0
58,14
49,88
0
0
58,14
49,89
0
0
58,14
49,89
0
0
58,14
49,9
0
0
58,13
49,91
0
0
58,13
49,91
0
0
58,13
49,92
0
0
58,13
49,93
0
0
58,13
49,94
0
0
58,13
49,94
0
0
58,12
49,95
0
0
58,12
49,96
0
0
58,12
49,96
0
0
58,12
49,97
0
0
58,12
49,97
0
0
58,12
49,98
0
0
58,11
49,99
0
0
58,11
49,99
0
0
58,11
50
0
0
58,11
50,01
0
0
58,11
50,01
0
0
58,11
50,02
0
0
58,11
50,03
0
0
58,11
50,03
0
0
58,1
50,04
0
0
58,1
50,04
0
0
58,1
50,05
0
0
58,1
50,05
0
0
58,1
50,06
0
0
58,1
50,07
0
0
58,1
50,07
0
0
58,09
50,08
0
0
58,09
50,08
0
0
58,09
50,09
0
0
58,09
50,09
0
0
58,09
50,1
0
0
58,09
50,1
0
0
58,09
50,11
0
0
58,09
50,11
0
0
58,09
50,12
0
0
58,08
50,12
0
0
58,08
50,13
0
0
58,08
50,13
0
0
58,08
50,14
0
0
58,08
50,14
0
0
58,08
50,15
0
0
58,08
50,15
0
0
58,08
50,16
0
0
58,08
50,16
0
0
58,08
50,16
0
0
58,07
50,17
0
0
58,07
50,17
0
0
58,07
50,18
0
0
58,07
50,18
0
0
58,07
50,19
0
0
58,07
50,19
0
0
58,07
50,2
0
0
58,07
50,2
0
0
58,07
50,2
0
0
58,07
50,21
0
0
58,06
50,21
0
0
58,06
50,22
0
0
58,06
50,22
0
0
58,06
50,22
0
0
58,06
50,23
0
0
58,06
50,23
0
0
58,06
50,24
0
0
58,06
50,24
0
0
58,06
50,24
0
0
58,06
50,25
0
0
58,06
50,25
0
0
58,06
50,25
0
0
58,05
50,26
0
0
58,05
50,26
0
0
58,05
50,26
0
0
58,05
50,27
0
0
58,05
50,27
0
0
58,05
50,27
0
0
58,05
50,28
0
0
58,05
50,28
0
0
58,05
50,28
0
0
58,05
50,29
0
0
58,05
50,29
0
0
58,05
50,29
0
0
58,05
50,3
0
0
58,05
50,3
0
0
58,05
50,3
0
0
58,04
50,3
0
0
58,04
50,31
0
0
58,04
50,31
0
0
58,04
50,31
0
0
58,04
50,32
0
0
58,04
50,32
0
0
58,04
50,32
0
0
58,04
50,32
0
0
58,04
50,33
0
0
58,04
50,33
0
0
58,04
50,33
0
0
58,04
50,33
0
0
58,04
50,34
0
0
58,04
50,34
0
0
58,04
50,34
0
0
58,04
50,34
0
0
58,03
50,35
0
0
58,03
50,35
0
0
58,03
50,35
0
0
58,03
50,35
0
0
58,03
50,36
0
0
58,03
50,36
0
0
58,03
50,36
0
0
58,03
50,36
0
0
58,03
50,37
0
0
58,03
50,37
0
0
58,03
50,37
0
0
58,03
50,37
0
0
58,03
50,38
0
0
58,03
50,38
0
0
58,03
50,38
0
0
58,03
50,38
0
0
58,03
50,38
0
0
58,03
50,39
0
0
58,03
50,39
0
0
58,03
50,39
0
0
58,03
50,39
0
0
58,03
50,39
0
0
58,02
50,4
0
0
58,02
50,4
0
0
58,02
50,4
0
0
58,02
50,4
0
0
58,02
50,4
0
0
58,02
50,41
0
0
58,02
50,41
0
0
58,02
50,41
0
0
58,02
50,41
0
0
58,02
50,41
0
0
58,02
50,42
0
0
58,02
50,42
0
0
58,02
50,42
0
0
58,02
50,42
0
0
58,02
50,42
0
0
58,02
50,42
0
0
58,02
50,43
0
0
58,02
50,43
0
0
58,02
50,43
0
0
58,02
50,43
0
0
58,02
50,43
0
0
58,02
50,43
0
0
58,02
50,43
0
0
58,02
50,44
0
0
58,02
50,44
0
0
58,02
50,44
0
0
58,02
50,44
0
0
58,02
50,44
0
0
58,01
50,44
0
0
58,01
50,44
0
0
58,01
50,45
0
0
58,01
50,45
0
0
58,01
50,45
0
0
58,01
50,45
0
0
58,01
50,45
0
0
58,01
50,45
0
0
58,01
50,45
0
0
58,01
50,46
0
0
58,01
50,46
0
0
58,01
50,46
0
0
58,01
50,46
0
0
58,01
50,46
0
0
58,01
50,46
0
0
58,01
50,46
0
0
58,01
50,46
0
0
58,01
50,47
0
0
58,01
50,47
0
0
58,01
50,47
0
0
58,01
50,47
0
0
58,01
50,47
0
0
58,01
50,47
0
0
58,01
50,47
0
0
58,01
50,47
0
0
58,01
50,48
0
0
58,01
50,48
0
0
58,01
50,48
0
0
58,01
50,48
0
0
58,01
50,48
0
0
58,01
50,48
0
0
58,01
50,48
0
0
58,01
50,48
0
0
58,01
50,48
0
0
58,01
50,48
0
0
58,01
50,49
0
0
58,01
50,49
0
0
58,01
50,49
0
0
58,01
50,49
0
0
58,01
50,49
0
0
58,01
50,49
0
0
58,01
50,49
0
0
58,01
50,49
0
0
58,01
50,49
0
0
58,01
50,49
0
0
58,01
50,5
0
0
58
50,5
0
0
58
50,5
0
0
58
50,5
0
0
58
50,5
0
0
58
50,5
0
0
58
50,5
0
0
58
50,5
0
0
58
50,5
0
0
58
50,5
0
0
58
50,5
0
0
58
50,5
0
0
58
50,5
0
0
58
50,51
0
0
58
50,51
0
0
58
50,51
0
0
58
50,51
0
0
58
50,51
0
0
58
50,51
0
0
58
50,51
0
0
58
50,51
0
0
58
50,51
0
0
58
50,51
0
0
58
50,51
0
0
58
50,51
0
0
58
50,51
0
0
58
50,51
0
0
58
50,52
0
0
58
50,52
0
0
58
50,52
0
0
58
50,52
0
0
58
50,52
0
0
58
50,52
0
0
58
50,52
0
0
58
50,52
0
0
58
50,52
0
0
58
50,52
0
0
58
50,52
0
0
58
50,52
0
0
58
50,52
0
0
58
50,52
0
0
58
50,52
0
0
58
50,52
0
0
58
50,52
0
0
58
50,52
0
0
58
50,53
0
0
58
50,53
0
0
58
50,53
0
0
58
50,53
0
0
58
50,53
0
0
58
50,53
0
0
58
50,53
0
0
58
50,53
0
0
58
50,53
0
0
58
50,53
0
0
58
50,53
0
0
58
50,53
0
0
58
50,53
0
0
58
50,53
0
0
58
50,53
0
0
58
50,53
0
0
58
50,53
0
0
58
50,53
0
0
58
50,53
0
0
58
50,53
0
0
58
50,53
0
0
58
50,53
0
0
58
50,54
0
0
58
50,54
0
0
58
50,54
0
0
58
50,54
0
0
58
50,54
0
0
58
50,54
0
0
58
50,54
0
0
58
50,54
0
0
58
50,54
0
0
58
50,54
0
0
58
50,54
0
0
58
50,54
0
0
58
50,54
0
0
58
50,54
0
0
58
50,54
0
0
58
50,54
0
0
58
50,54
0
0
58
50,54
0
0
58
50,54
0
0
58
50,54
0
0
58
50,54
0
0
58
50,54
0
0
58
50,54
0
0
58
50,54
0
0
58
50,54
0
0
58
50,54
0
0
58
50,54
0
0
58
50,54
0
0
58
50,54
0
0
58
50,54
0
0
58
50,54
0
0
58
50,54
0
0
58
50,55
0
0
58
50,55
0
0
58
50,55
0
0
58
50,55
0
0
58
50,55
0
0
58
50,55
0
0
58
50,55
0
0
58
50,55
0
0
58
50,55
0
0
58
50,55
0
0
58
50,55
0
0
58
50,55
0
0
58
50,55
0
0
58
50,55
0
0
57,99
50,55
0
0
57,99
50,55
0
0
57,99
50,55
0
0
57,99
50,55
0
0
57,99
50,55
0
0
57,99
50,55
0
0
57,99
50,55
0
0
57,99
50,55
0
0
57,99
50,55
0
0
57,99
50,55
0
0
57,99
50,55
0
0
57,99
50,55
0
0
57,99
50,55
0
0
57,99
50,55
0
0
57,99
50,55
0
0
57,99
50,55
0
0
57,99
50,55
0
0
57,99
50,55
0
0
57,99
50,55
0
0
57,99
50,55
0
0
57,99
50,55
0
0
57,99
50,55
0
0
57,99
50,55
0
0
57,99
50,55
0
0
57,99
50,55
0
0
57,99
50,55
0
0
57,99
50,55
0
0
57,99
50,55
0
0
57,99
50,55
0
0
57,99
50,55
0
0
57,99
50,55
0
0
57,99
50,55
0
0
57,99
50,55
0
0
57,99
50,55
0
0
57,99
50,56
0
0
57,99
50,56
0
0
57,99
50,56
0
0
57,99
50,56
0
0
57,99
50,56
0
0
57,99
50,56
0
0
57,99
50,56
0
0
57,99
50,56
0
0
57,99
50,56
0
0
57,99
50,56
0
0
57,99
50,56
0
0
57,99
50,56
0
0
57,99
50,56
0
0
57,99
50,56
0
0
57,99
50,56
0
0
57,99
50,56
0
0
57,99
50,56
0
0
57,99
50,56
0
0
57,99
50,56
0
0
57,99
50,56
0
0
57,99
50,56
0
0
57,99
50,56
0
0
57,99
50,56
0
0
57,99
50,56
0
0
57,99
50,56
0
0
57,99
50,56
0
0
57,99
50,56
0
0
57,99
50,56
0
0
57,99
50,56
0
0
57,99
50,56
0
0
57,99
50,56
0
0
57,99
50,56
0
0
57,99
50,56
0
0
57,99
50,56
0
0
57,99
50,56
0
0
57,99
50,56
0
0
57,99
50,56
0
0
57,99
50,56
0
0
57,99
50,56
0
0
57,99
50,56
0
0
57,99
50,56
0
0
57,99
50,56
0
0
57,99
50,56
0
0
57,99
50,56
0
0
57,99
50,56
0
0
57,99
50,56
0
0
57,99
50,56
0
0
57,99
50,56
0
0
57,99
50,56
0
0
57,99
50,56
0
0
57,99
50,56
0
0
57,99
50,56
0
0
57,99
50,56
0
0
57,99
50,56
0
0
57,99
50,56
0
0
57,99
50,56
0
0
57,99
50,56
0
0
57,99
50,56
0
0
57,99
50,56
0
0
57,99
50,56
0
0
57,99
50,56
0
0
57,99
50,56
0
0
57,99
50,56
0
0
57,99
50,56
0
0
57,99
50,56
0
0
57,99
50,56
0
0
57,99
50,56
0
0
57,99
50,56
0
0
57,99
50,56
0
0
57,99
50,56
0
0
57,99
50,56
0
0
57,99
50,56
0
0
57,99
50,56
0
0
57,99
50,56
0
0
57,99
50,56
0
0
57,99
50,56
0
0
57,99
50,56
0
0
57,99
50,56
0
0
57,99
50,56
0
0
57,99
50,56
0
0
57,99
50,56
0
0
57,99
50,56
0
0
57,99
50,56
0
0
57,99
50,56
0
0
57,99
50,56
0
0
57,99
50,56
0
0
57,99
50,56
0
0
57,99
50,56
0
0
57,99
50,56
0
0
57,99
50,56
0
0
57,99
50,56
0
0
57,99
50,56
0
0
57,99
50,56
0
0
57,99
50,56
0
0
57,99
50,56
0
0
57,99
50,56
0
0
57,99
50,56
0
0
57,99
50,56
0
0
57,99
50,56
0
0
57,99
50,56
0
0
57,99
50,56
0
0
57,99
50,56
0
0
57,99
50,56
0
0
57,99
50,56
0
0
57,99
50,56
0
0
57,99
50,56
0
0
57,99
50,56
0
0
57,99
50,56
0
0
57,99
50,56
0
0
57,99
50,56
0
0
57,99
50,56
0
0
57,99
50,56
0
0
57,99
50,56
0
0
57,99
50,56
0
0
57,99
50,56
0
0
57,99
50,56
0
0
57,99
50,56
0
0
57,99
50,56
0
0
57,99
50,56
0
0
57,99
50,56
0
0
57,99
50,56
0
0
57,99
50,56
0
0
57,99
50,56
0
0
57,99
50,56
0
0
57,99
50,56
0
0
57,99
50,56
0
0
57,99
50,56
0
0
57,99
50,56
0
0
57,99
50,56
0
0
57,99
50,56
0
0
57,99
50,56
0
0
57,99
50,56
0
0
57,99
50,56
0
0
57,99
50,56
0
0
57,99
50,56
0
0
57,99
50,56
0
0
57,99
50,56
0
0
57,99
50,56
0
0
57,99
50,56
0
0
57,99
50,56
0
0
57,99
50,56
0
0
57,99
50,56
0
0
57,99
50,56
0
0
57,99
50,56
0
0
57,99
50,56
0
0
57,99
50,56
0
0
57,99
50,56
0
0
57,99
50,56
0
0
57,99
50,56
0
0
57,99
50,56
0
0
57,99
50,56
0
0
57,99
50,56
0
0
57,99
50,56
0
0
57,99
50,56
0
0
57,99
50,56
0
0
57,99
50,56
0
0
57,99
50,56
0
0
57,99
50,56
0
0
57,99
50,56
0
0
57,99
50,56
0
0
57,99
50,56
0
0
57,99
50,56
0
0
57,99
50,56
0
0
57,99
50,56
0
0
57,99
50,56
0
0
57,99
50,56
0
0
57,99
50,56
0
0
57,99
50,56
0
0
57,99
50,56
0
0
57,99
50,56
0
0
57,99
50,56
0
0
57,99
50,56
0
0
57,99
50,56
0
0
57,99
50,56
0
0
57,99
50,56
0
0
57,99
50,56
0
0
57,99
50,56
0
0
57,99
50,56
0
0
57,99
50,56
0
0
57,99
50,56
0
0
57,99
50,56
0
0
57,99
50,56
0
0
57,99
50,56
0
0
57,99
50,56
0
0
57,99
50,56
0
0
57,99
50,56
0
0
57,99
50,56
0
0
57,99
50,56
0
0
57,99
50,56
0
0
57,99
50,56
0
0
57,99
50,56
0
0
57,99
50,56
0
0
57,99
50,56
0
0
57,99
50,56
0
0
57,99
50,56
0
0
57,99
50,56
0
0
57,99
50,56
0
0
57,99
50,56
0
0
57,99
50,56
0
0
57,99
50,56
0
0
57,99
50,56
0
0
57,99
50,56
0
0
57,99
50,56
0
0
57,99
50,56
0
0
57,99
50,56
0
0
57,99
50,56
0
0
57,99
50,56
0
0
57,99
50,56
0
0
57,99
50,56
0
0
57,99
50,56
0
0
57,99
50,56
0
0
57,99
50,56
0
0
57,99
50,56
0
0
57,99
50,56
0
0
57,99
50,56
0
0
57,99
50,56
0
0
57,99
50,56
0
0
57,99
50,56
0
0
57,99
50,56
0
0
57,99
50,56
0
0
57,99
50,56
0
0
57,99
50,56
0
0
57,99
50,56
0
0
57,99
50,56
0
0
57,99
50,56
0
0
57,99
50,56
0
0
57,99
50,56
0
0
57,99
50,56
0
0
57,99
50,56
0
0
57,99
50,56
0
0
57,99
50,56
0
0
57,99
50,56
0
0
57,99
50,56
0
0
57,99
50,56
0
0
57,99
50,56
0
0
57,99
50,56
0
0
57,99
50,56
0
0
57,99
50,56
0
0
57,99
50,56
0
0
57,99
50,56
0
0
57,99
50,56
0
0
57,99
50,56
0
0
57,99
50,56
0
0
57,99
50,56
0
0
57,99
50,56
0
0
57,99
50,56
0
0
57,99
50,56
0
0
57,99
50,56
0
0
57,99
50,56
0
0
57,99
50,56
0
0
57,99
50,56
0
0
