3/03/2017 10:03

42,6
67,09
0
0
42,6
67,09
0
0
42,6
67,09
0
0
42,6
67,09
0
0
42,6
67,09
0
0
42,6
67,09
0
0
42,6
67,09
0
0
42,6
67,09
0
0
42,6
67,09
0
0
42,6
67,09
0
0
42,6
67,09
0
0
42,6
67,09
0
0
42,6
67,09
0
0
42,6
67,09
0
0
42,6
67,09
0
0
42,6
67,09
0
0
42,6
67,09
0
0
42,6
67,09
0
0
42,6
67,09
0
0
42,6
67,09
0
0
42,6
67,09
0
0
42,6
67,09
0
0
42,6
67,09
0
0
42,6
67,09
0
0
42,6
67,09
0
0
42,6
67,09
0
0
42,6
67,09
0
0
42,6
67,09
0
0
42,6
67,09
0
0
42,6
67,09
0
0
42,6
67,09
0
0
42,6
67,09
0
0
42,6
67,09
0
0
42,6
67,09
0
0
42,6
67,09
0
0
42,6
67,09
0
0
42,6
67,09
0
0
42,6
67,09
0
0
42,6
67,09
0
0
42,6
67,09
0
0
42,6
67,09
0
0
42,6
67,09
0
0
42,6
67,09
0
0
42,6
67,09
0
0
42,6
67,09
0
0
42,6
67,09
0
0
42,6
67,09
0
0
42,6
67,09
0
0
42,6
67,09
0
0
42,6
67,09
0
0
42,6
67,09
0
0
42,6
67,09
0
0
42,6
67,09
0
0
42,6
67,09
0
0
42,6
67,09
0
0
42,6
67,09
0
0
42,6
67,09
0
0
42,6
67,09
0
0
42,6
67,09
0
0
42,6
67,09
0
0
42,6
67,09
0
0
42,6
67,09
0
0
42,6
67,09
0
0
42,6
67,09
0
0
42,6
67,09
0
0
42,6
67,09
0
0
42,6
67,09
0
0
42,6
67,09
0
0
42,6
67,09
0
0
42,6
67,09
0
0
42,6
67,09
0
0
42,6
67,09
0
0
42,6
67,09
0
0
42,6
67,09
0
0
42,6
67,09
0
0
42,6
67,09
0
0
42,6
67,09
0
0
42,6
67,09
0
0
42,6
67,09
0
0
42,6
67,09
0
0
42,6
67,09
0
0
42,6
67,09
0
0
42,6
67,09
0
0
42,6
67,09
0
0
42,6
67,09
0
0
42,6
67,09
0
0
42,6
67,09
0
0
42,6
67,09
0
0
42,6
67,09
0
0
42,6
67,09
0
0
42,6
67,09
0
0
42,6
67,09
0
0
42,6
67,09
0
0
42,6
67,09
0
0
42,6
67,09
0
0
42,6
67,09
0
0
42,6
67,09
0
0
42,6
67,09
0
0
42,6
67,09
0
0
42,6
67,09
0
0
42,6
67,09
0
0
42,6
67,09
0
0
42,6
67,09
0
0
42,6
67,09
0
0
42,6
67,09
0
0
42,6
67,09
0
0
42,6
67,09
0
0
42,6
67,09
0
0
42,6
67,09
0
0
42,6
67,09
0
0
42,6
67,09
0
0
42,6
67,09
0
0
42,6
67,09
0
0
42,6
67,09
0
0
42,6
67,09
0
0
42,6
67,09
0
0
42,6
67,09
0
0
42,6
67,09
0
0
42,6
67,09
0
0
42,6
67,09
0
0
42,6
67,09
0
0
42,6
67,09
0
0
42,6
67,09
0
0
42,6
67,09
0
0
42,6
67,09
0
0
42,6
67,09
0
0
42,6
67,09
0
0
42,6
67,09
0
0
42,6
67,09
0
0
42,6
67,09
0
0
42,6
67,08
0
0
42,6
67,08
0
0
42,6
67,08
0
0
42,6
67,08
0
0
42,6
67,08
0
0
42,6
67,08
0
0
42,6
67,08
0
0
42,6
67,08
0
0
42,6
67,07
0
0
42,6
67,07
0
0
42,6
67,07
4
0
42,6
67,07
4
0
42,6
67,07
4
0
42,61
67,07
5
0
42,61
67,07
4
0
42,62
67,06
5
0
42,64
67,06
5
0
42,65
67,06
5
0
42,67
67,06
5
0
42,69
67,06
5
0
42,72
67,06
5
0
42,75
67,06
6
0
42,78
67,06
0
0
42,81
67,05
6
0
42,85
67,05
6
0
42,88
67,05
0
0
42,92
67,05
7
-4
42,96
67,05
0
0
43,01
67,04
7
0
43,05
67,04
4
-4
43,1
67,04
6
-4
43,15
67,03
4
-4
43,2
67,02
4
-4
43,26
67,01
5
0
43,32
66,99
4
-4
43,37
66,97
5
-4
43,44
66,95
4
-4
43,5
66,93
4
-5
43,57
66,91
5
-4
43,63
66,88
4
-5
43,7
66,85
4
-4
43,77
66,82
5
-5
43,85
66,79
4
-4
43,92
66,76
4
0
44
66,72
5
0
44,08
66,68
4
0
44,16
66,64
0
0
44,24
66,6
4
-4
44,32
66,57
4
0
44,41
66,53
4
0
44,49
66,49
4
0
44,58
66,46
0
0
44,66
66,42
5
0
44,75
66,39
0
0
44,84
66,35
5
0
44,93
66,32
4
0
45,02
66,29
0
0
45,11
66,25
5
0
45,2
66,22
0
0
45,29
66,19
6
0
45,38
66,15
0
0
45,48
66,12
5
0
45,57
66,09
4
0
45,66
66,06
0
0
45,76
66,03
5
0
45,85
65,99
0
0
45,95
65,96
5
0
46,05
65,93
0
0
46,14
65,91
6
0
46,24
65,88
4
0
46,34
65,85
0
0
46,44
65,82
6
0
46,54
65,79
0
0
46,65
65,76
5
0
46,75
65,73
0
0
46,85
65,7
5
0
46,95
65,68
0
0
47,05
65,65
4
0
47,16
65,62
6
0
47,26
65,6
0
0
47,37
65,57
7
0
47,48
65,54
0
0
47,59
65,52
4
0
47,69
65,49
5
0
47,8
65,47
0
0
47,91
65,44
6
0
48,03
65,42
0
0
48,14
65,4
4
0
48,25
65,37
5
0
48,36
65,35
4
0
48,48
65,32
4
0
48,59
65,3
4
0
48,71
65,28
4
0
48,83
65,25
0
0
48,94
65,23
7
0
49,06
65,21
0
0
49,18
65,19
6
0
49,3
65,17
0
0
49,42
65,14
0
0
49,54
65,12
6
0
49,67
65,1
0
0
49,79
65,08
8
0
49,91
65,06
0
0
50,03
65,04
4
0
50,16
65,02
7
0
50,28
65
0
0
50,41
64,98
7
0
50,53
64,96
0
0
50,66
64,94
0
0
50,78
64,92
6
0
50,91
64,9
0
0
51,04
64,88
8
-4
51,17
64,86
0
0
51,29
64,85
0
0
51,42
64,83
6
0
51,55
64,81
0
0
51,68
64,79
8
0
51,81
64,77
0
0
51,94
64,75
7
0
52,07
64,73
4
0
52,2
64,72
0
0
52,34
64,7
6
0
52,47
64,68
0
0
52,6
64,66
8
0
52,74
64,64
0
0
52,87
64,63
5
0
53,01
64,61
0
0
53,14
64,59
0
0
53,28
64,57
7
0
53,42
64,55
0
-4
53,55
64,54
8
0
53,69
64,52
0
0
53,83
64,49
6
-4
53,96
64,47
0
-4
54,1
64,45
5
0
54,23
64,42
0
-4
54,37
64,4
0
-4
54,51
64,37
0
0
54,64
64,34
0
-4
54,78
64,31
5
-4
54,92
64,28
0
-4
55,05
64,25
7
0
55,19
64,21
0
-4
55,32
64,17
5
-4
55,46
64,14
0
-4
55,59
64,1
0
-4
55,72
64,05
0
0
55,86
64,01
0
-4
55,99
63,96
7
0
56,13
63,91
0
-4
56,26
63,86
7
-4
56,4
63,81
0
-5
56,53
63,76
4
-4
56,67
63,71
0
-4
56,8
63,65
0
-5
56,94
63,59
0
-4
57,07
63,53
0
-4
57,2
63,47
5
0
57,34
63,4
0
-4
57,47
63,34
5
-4
57,6
63,27
0
-4
57,73
63,2
5
-5
57,86
63,14
0
-4
57,99
63,06
0
-4
58,13
62,99
0
-4
58,26
62,92
0
-4
58,39
62,85
7
0
58,52
62,77
0
0
58,65
62,7
6
-4
58,78
62,62
0
0
58,91
62,55
0
-4
59,04
62,47
0
0
59,17
62,4
0
0
59,29
62,33
6
0
59,42
62,25
0
0
59,55
62,18
5
0
59,68
62,11
0
0
59,81
62,04
0
0
59,94
61,97
5
0
60,07
61,9
0
0
60,2
61,84
7
0
60,33
61,77
0
0
60,46
61,7
5
0
60,59
61,64
0
0
60,72
61,57
0
0
60,84
61,51
4
0
60,97
61,44
0
0
61,1
61,38
7
0
61,23
61,32
0
0
61,36
61,26
5
0
61,49
61,2
0
0
61,62
61,14
0
0
61,75
61,08
4
0
61,88
61,02
0
0
62,01
60,96
7
0
62,14
60,9
0
0
62,27
60,85
4
0
62,4
60,79
0
0
62,53
60,73
0
0
62,66
60,68
4
0
62,79
60,62
0
0
62,92
60,57
6
0
63,05
60,52
0
0
63,18
60,46
5
0
63,31
60,41
0
0
63,44
60,36
0
0
63,57
60,31
4
0
63,7
60,26
0
0
63,82
60,21
8
0
63,95
60,16
0
0
64,08
60,11
5
0
64,21
60,06
0
0
64,34
60,01
0
0
64,46
59,96
6
0
64,59
59,92
0
0
64,72
59,87
7
0
64,85
59,82
0
0
64,97
59,78
0
0
65,1
59,73
0
0
65,22
59,69
0
0
65,35
59,65
5
0
65,47
59,6
0
0
65,6
59,56
6
0
65,72
59,52
0
0
65,85
59,47
0
0
65,97
59,43
4
0
66,09
59,39
-4
0
66,22
59,35
6
0
66,34
59,31
0
0
66,46
59,27
0
0
66,58
59,23
0
0
66,7
59,19
-4
0
66,81
59,15
6
0
66,93
59,11
0
0
67,05
59,08
0
0
67,16
59,04
4
0
67,28
59
-4
0
67,39
58,96
5
0
67,51
58,93
0
0
67,62
58,89
0
0
67,73
58,86
4
0
67,84
58,82
-4
0
67,96
58,79
4
0
68,07
58,75
0
0
68,18
58,72
0
0
68,29
58,69
0
0
68,4
58,65
0
0
68,5
58,62
0
0
68,61
58,59
0
0
68,72
58,55
0
0
68,82
58,52
0
0
68,92
58,49
0
0
69,03
58,46
0
0
69,13
58,43
0
0
69,23
58,4
0
0
69,32
58,37
0
0
69,42
58,34
0
0
69,52
58,31
0
0
69,61
58,28
0
0
69,71
58,25
0
0
69,8
58,22
0
0
69,89
58,2
0
0
69,99
58,17
0
0
70,08
58,14
0
0
70,17
58,11
0
0
70,25
58,08
0
0
70,34
58,06
0
0
70,43
58,03
0
0
70,51
58,01
0
0
70,6
57,98
0
0
70,68
57,95
0
0
70,77
57,93
0
0
70,85
57,91
0
0
70,93
57,88
0
0
71,01
57,86
0
0
71,09
57,83
0
0
71,17
57,81
0
0
71,24
57,78
0
0
71,32
57,76
0
0
71,4
57,74
0
0
71,47
57,71
0
0
71,55
57,69
0
0
71,62
57,67
0
0
71,69
57,64
0
0
71,76
57,62
0
0
71,83
57,6
0
0
71,91
57,58
0
0
71,98
57,56
0
0
72,05
57,54
0
0
72,11
57,52
0
0
72,18
57,5
0
0
72,25
57,48
0
0
72,31
57,46
0
0
72,38
57,44
0
0
72,44
57,42
0
0
72,51
57,4
0
0
72,57
57,38
4
0
72,63
57,36
0
0
72,7
57,34
0
0
72,76
57,32
0
0
72,82
57,3
0
0
72,88
57,28
0
0
72,94
57,27
0
0
73
57,25
0
0
73,06
57,23
0
0
73,12
57,21
0
0
73,18
57,19
0
0
73,24
57,18
0
0
73,29
57,16
0
0
73,35
57,14
0
0
73,4
57,13
0
0
73,46
57,11
0
0
73,51
57,1
0
0
73,57
57,08
0
0
73,62
57,06
0
0
73,68
57,05
4
0
73,73
57,03
0
0
73,79
57,02
4
0
73,84
57
0
0
73,9
56,99
4
0
73,95
56,97
4
0
74,01
56,96
0
0
74,07
56,94
5
0
74,13
56,93
0
0
74,2
56,91
4
0
74,26
56,9
0
0
74,32
56,89
0
0
74,38
56,87
5
0
74,45
56,86
0
0
74,51
56,84
5
0
74,58
56,83
4
0
74,64
56,82
0
0
74,71
56,8
5
0
74,78
56,79
0
0
74,85
56,78
4
-4
74,92
56,76
4
0
74,99
56,75
0
0
75,06
56,74
5
0
75,13
56,73
0
0
75,21
56,71
5
0
75,28
56,7
0
0
75,35
56,69
0
0
75,43
56,68
4
0
75,5
56,66
0
0
75,58
56,65
4
0
75,66
56,64
0
0
75,73
56,63
0
0
75,81
56,61
4
0
75,88
56,6
0
0
75,96
56,59
4
0
76,04
56,58
0
0
76,11
56,57
4
0
76,19
56,55
0
0
76,27
56,54
0
0
76,34
56,53
0
0
76,42
56,52
0
0
76,5
56,51
0
0
76,57
56,5
0
0
76,64
56,49
0
0
76,71
56,48
0
0
76,79
56,47
0
0
76,86
56,46
0
0
76,93
56,45
0
0
77
56,44
0
0
77,06
56,43
0
0
77,13
56,42
0
0
77,2
56,41
0
0
77,27
56,4
0
0
77,33
56,39
0
0
77,4
56,38
0
0
77,46
56,37
0
0
77,52
56,36
0
0
77,59
56,35
0
0
77,65
56,34
0
0
77,71
56,33
0
0
77,77
56,32
0
0
77,83
56,31
0
0
77,89
56,3
0
0
77,95
56,29
0
0
78,01
56,29
0
0
78,07
56,28
0
0
78,12
56,27
0
0
78,18
56,26
0
0
78,23
56,25
0
0
78,29
56,25
0
0
78,34
56,24
0
0
78,4
56,23
0
0
78,45
56,22
0
0
78,5
56,21
0
0
78,56
56,21
0
0
78,61
56,2
0
0
78,66
56,19
0
0
78,71
56,18
0
0
78,76
56,18
0
0
78,81
56,17
0
0
78,86
56,16
0
0
78,91
56,15
0
0
78,96
56,15
0
0
79
56,14
0
0
79,05
56,13
0
0
79,1
56,13
0
0
79,14
56,12
0
0
79,19
56,11
0
0
79,23
56,11
0
0
79,28
56,1
0
0
79,32
56,09
0
0
79,37
56,09
0
0
79,41
56,08
0
0
79,45
56,07
0
0
79,49
56,07
0
0
79,53
56,06
0
0
79,58
56,06
0
0
79,62
56,05
0
0
79,66
56,04
0
0
79,7
56,04
0
0
79,74
56,03
0
0
79,78
56,03
0
0
79,81
56,02
0
0
79,85
56,02
0
0
79,89
56,01
0
0
79,93
56
0
0
79,96
56
0
0
80
55,99
0
0
80,04
55,99
0
0
80,07
55,98
0
0
80,11
55,98
0
0
80,14
55,97
0
0
80,18
55,97
0
0
80,21
55,96
0
0
80,25
55,96
0
0
80,28
55,95
0
0
80,31
55,95
0
0
80,34
55,94
0
0
80,38
55,94
0
0
80,41
55,93
0
0
80,44
55,93
0
0
80,47
55,92
0
0
80,5
55,92
0
0
80,53
55,91
0
0
80,56
55,91
0
0
80,59
55,9
0
0
80,63
55,9
0
0
80,65
55,9
0
0
80,68
55,89
0
0
80,71
55,89
0
0
80,74
55,88
0
0
80,77
55,88
0
0
80,8
55,88
0
0
80,82
55,87
0
0
80,85
55,87
0
0
80,88
55,86
0
0
80,91
55,86
0
0
80,93
55,86
0
0
80,96
55,85
0
0
80,98
55,85
0
0
81,01
55,85
0
0
81,03
55,84
0
0
81,06
55,84
0
0
81,08
55,84
0
0
81,11
55,83
0
0
81,13
55,83
0
0
81,16
55,82
0
0
81,18
55,82
-4
0
81,2
55,82
0
0
81,23
55,82
-4
0
81,25
55,81
0
0
81,27
55,81
0
0
81,28
55,81
-5
0
81,3
55,8
0
0
81,31
55,8
-4
0
81,33
55,8
0
0
81,34
55,79
0
0
81,35
55,79
-5
0
81,36
55,79
0
0
81,37
55,78
-5
0
81,38
55,78
0
0
81,38
55,78
0
0
81,39
55,77
-5
0
81,39
55,77
0
0
81,39
55,77
-5
0
81,39
55,77
0
0
81,39
55,76
-5
0
81,39
55,76
-4
0
81,39
55,76
-4
0
81,38
55,76
0
0
81,37
55,75
0
0
81,36
55,75
0
0
81,35
55,75
-4
0
81,34
55,74
0
0
81,33
55,74
0
0
81,32
55,74
0
0
81,3
55,74
0
0
81,29
55,74
-4
0
81,28
55,73
0
0
