3/03/2017 10:02

42,6
67,09
0
0
42,6
67,09
0
0
42,6
67,09
0
0
42,6
67,09
0
0
42,6
67,09
0
0
42,6
67,09
0
0
42,6
67,09
0
0
42,6
67,09
0
0
42,6
67,09
0
0
42,6
67,09
0
0
42,6
67,09
0
0
42,6
67,09
0
0
42,6
67,09
5
0
42,6
67,09
4
-5
42,6
67,09
6
-6
42,61
67,08
6
-8
42,62
67,08
7
-9
42,64
67,06
8
-8
42,66
67,04
7
-8
42,68
67,02
7
-8
42,71
66,99
8
-7
42,74
66,96
6
-7
42,78
66,92
7
-7
42,82
66,88
6
-7
42,86
66,83
7
-7
42,9
66,78
6
-7
42,95
66,73
5
-8
43
66,67
7
-7
43,06
66,61
4
-7
43,12
66,55
7
-6
43,18
66,48
5
-7
43,24
66,41
5
-6
43,31
66,33
6
-6
43,37
66,25
4
-5
43,45
66,18
6
-5
43,52
66,09
4
-6
43,59
66,01
5
-5
43,67
65,92
5
-5
43,75
65,83
5
-5
43,83
65,74
5
-5
43,91
65,65
0
-5
44
65,55
6
-4
44,08
65,45
0
-4
44,17
65,35
5
-4
44,26
65,25
0
0
44,35
65,15
4
0
44,43
65,05
4
0
44,52
64,95
0
0
44,61
64,85
6
-4
44,7
64,75
0
-4
44,8
64,65
5
0
44,89
64,55
4
0
44,99
64,46
4
0
45,08
64,37
5
0
45,18
64,27
0
0
45,28
64,18
6
0
45,37
64,09
0
0
45,47
64
6
0
45,57
63,91
4
0
45,68
63,82
0
0
45,78
63,73
7
0
45,88
63,64
0
0
45,99
63,55
6
0
46,09
63,47
0
-4
46,2
63,38
6
0
46,3
63,29
0
0
46,41
63,21
0
-4
46,51
63,13
8
0
46,62
63,04
0
0
46,73
62,96
7
-4
46,83
62,87
0
-4
46,94
62,79
0
-4
47,05
62,71
5
-4
47,16
62,62
0
-4
47,27
62,53
0
0
47,38
62,44
0
-4
47,49
62,36
0
-4
47,59
62,27
0
0
47,69
62,18
0
0
47,8
62,09
0
0
47,9
62,01
0
0
48
61,92
0
0
48,1
61,84
0
0
48,2
61,75
0
0
48,3
61,67
0
0
48,39
61,59
0
0
48,49
61,51
0
0
48,58
61,43
0
0
48,68
61,35
0
0
48,77
61,27
0
0
48,86
61,19
0
0
48,95
61,12
0
0
49,04
61,04
0
0
49,13
60,97
0
0
49,22
60,89
0
0
49,31
60,82
0
0
49,39
60,75
0
0
49,48
60,67
0
0
49,56
60,6
0
0
49,64
60,53
0
0
49,73
60,47
0
0
49,81
60,4
0
0
49,89
60,33
0
0
49,97
60,26
0
0
50,05
60,2
0
0
50,12
60,13
0
0
50,2
60,06
0
0
50,28
60
0
0
50,35
59,94
0
0
50,43
59,87
0
0
50,5
59,81
0
0
50,57
59,75
0
0
50,65
59,69
0
0
50,72
59,63
0
0
50,79
59,57
0
0
50,86
59,51
0
0
50,93
59,45
0
0
51
59,39
0
0
51,06
59,34
0
0
51,13
59,28
0
0
51,2
59,22
0
0
51,26
59,17
0
0
51,33
59,11
0
0
51,39
59,06
0
0
51,45
59,01
0
0
51,51
58,95
0
0
51,58
58,9
0
0
51,64
58,85
0
0
51,7
58,8
0
0
51,76
58,75
0
0
51,82
58,7
0
0
51,88
58,65
0
0
51,94
58,6
0
0
51,99
58,55
0
0
52,05
58,5
0
0
52,11
58,45
0
0
52,16
58,41
0
0
52,22
58,36
0
0
52,27
58,31
0
-4
52,33
58,27
0
0
52,38
58,22
0
0
52,43
58,17
0
-4
52,48
58,12
0
-4
52,54
58,07
0
-4
52,59
58,02
0
-4
52,64
57,96
0
-4
52,69
57,91
0
-4
52,74
57,85
0
-4
52,79
57,79
0
0
52,83
57,72
0
-4
52,88
57,66
0
-4
52,93
57,6
0
-4
52,98
57,53
0
-4
53,02
57,46
0
-4
53,07
57,39
0
0
53,11
57,32
0
0
53,16
57,25
0
0
53,2
57,18
0
-4
53,24
57,11
0
-4
53,29
57,04
0
-4
53,33
56,96
0
0
53,37
56,89
0
-4
53,42
56,82
0
-4
53,46
56,74
0
0
53,5
56,66
0
0
53,54
56,59
0
0
53,58
56,51
0
0
53,62
56,44
0
0
53,66
56,36
0
0
53,7
56,29
0
0
53,73
56,22
0
0
53,77
56,15
0
0
53,81
56,08
0
0
53,85
56,01
0
0
53,89
55,94
0
0
53,92
55,87
0
0
53,96
55,8
0
0
53,99
55,74
0
0
54,03
55,67
0
0
54,06
55,61
0
0
54,1
55,54
0
0
54,13
55,48
0
0
54,16
55,41
0
0
54,2
55,35
0
0
54,23
55,29
0
0
54,27
55,23
0
0
54,3
55,17
0
0
54,33
55,11
0
0
54,36
55,05
0
0
54,39
54,99
0
0
54,42
54,93
0
0
54,45
54,88
0
0
54,49
54,82
0
0
54,51
54,76
0
0
54,54
54,71
0
0
54,57
54,65
0
0
54,6
54,6
0
0
54,63
54,54
0
0
54,66
54,49
0
0
54,69
54,44
0
0
54,72
54,39
0
0
54,74
54,34
0
0
54,77
54,28
0
0
54,8
54,23
0
0
54,82
54,18
0
0
54,85
54,13
0
0
54,88
54,08
0
0
54,9
54,04
0
0
54,93
53,99
0
0
54,95
53,94
0
0
54,98
53,9
0
0
55
53,85
0
0
55,03
53,8
0
0
55,05
53,76
0
0
55,07
53,71
0
0
55,1
53,67
0
0
55,12
53,62
0
0
55,15
53,58
0
0
55,17
53,54
0
0
55,19
53,5
0
0
55,21
53,46
0
0
55,23
53,41
0
0
55,26
53,37
0
0
55,28
53,33
0
0
55,3
53,29
0
0
55,32
53,25
0
0
55,34
53,21
0
0
55,36
53,17
0
0
55,38
53,14
0
0
55,4
53,1
0
0
55,42
53,06
0
0
55,44
53,02
0
0
55,46
52,99
0
0
55,48
52,95
0
0
55,5
52,91
0
0
55,52
52,88
0
0
55,54
52,84
0
0
55,56
52,81
0
0
55,58
52,77
0
0
55,6
52,74
0
0
55,61
52,71
0
0
55,63
52,67
0
0
55,65
52,64
0
0
55,67
52,61
0
0
55,68
52,57
0
0
55,7
52,54
0
0
55,72
52,51
0
0
55,73
52,48
0
0
55,75
52,45
0
0
55,77
52,42
0
0
55,78
52,39
0
0
55,8
52,36
0
0
55,82
52,33
0
0
55,83
52,3
0
0
55,84
52,27
0
0
55,86
52,24
0
0
55,88
52,21
0
0
55,89
52,19
0
0
55,91
52,16
0
0
55,92
52,13
0
0
55,93
52,1
0
0
55,95
52,08
0
0
55,96
52,05
0
0
55,98
52,02
0
0
55,99
52
0
0
56,01
51,97
0
0
56,02
51,94
0
0
56,03
51,92
0
0
56,05
51,89
0
0
56,06
51,87
0
0
56,07
51,85
0
0
56,09
51,82
0
0
56,1
51,8
0
0
56,11
51,78
0
0
56,12
51,75
0
0
56,14
51,73
0
0
56,15
51,71
0
0
56,16
51,68
0
0
56,17
51,66
0
0
56,18
51,64
0
0
56,2
51,62
0
0
56,21
51,59
0
0
56,22
51,57
0
0
56,23
51,55
0
0
56,24
51,53
0
0
56,25
51,51
0
0
56,26
51,49
0
0
56,27
51,47
0
0
56,28
51,45
0
0
56,29
51,43
0
0
56,31
51,41
0
0
56,32
51,39
0
0
56,33
51,37
0
0
56,34
51,35
0
0
56,35
51,34
0
0
56,36
51,32
0
0
56,37
51,3
0
0
56,38
51,28
0
0
56,39
51,26
0
0
56,4
51,24
0
0
56,41
51,23
0
0
56,41
51,21
0
0
56,42
51,19
0
0
56,43
51,18
0
0
56,44
51,16
0
0
56,45
51,14
0
0
56,46
51,12
0
0
56,47
51,11
0
0
56,48
51,09
0
0
56,48
51,07
0
0
56,49
51,06
0
0
56,5
51,04
0
0
56,51
51,03
0
0
56,52
51,01
0
0
56,53
51
0
0
56,53
50,98
0
0
56,54
50,97
0
0
56,55
50,95
0
0
56,56
50,94
0
0
56,57
50,93
0
0
56,57
50,91
0
0
56,58
50,9
0
0
56,59
50,88
0
0
56,6
50,87
0
0
56,6
50,86
0
0
56,61
50,84
0
0
56,62
50,83
0
0
56,62
50,82
0
0
56,63
50,8
0
0
56,64
50,79
0
0
56,65
50,78
0
0
56,65
50,76
0
0
56,66
50,75
0
0
56,66
50,74
0
0
56,67
50,73
0
0
56,68
50,72
0
0
56,68
50,7
0
0
56,69
50,69
0
0
56,69
50,68
0
0
56,7
50,67
0
0
56,71
50,66
0
0
56,71
50,65
0
0
56,72
50,63
0
0
56,72
50,62
0
0
56,73
50,61
0
0
56,74
50,6
0
0
56,74
50,59
0
0
56,75
50,58
0
0
56,75
50,57
0
0
56,76
50,56
0
0
56,76
50,55
0
0
56,77
50,54
0
0
56,77
50,53
0
0
56,78
50,52
0
0
56,78
50,51
0
0
56,79
50,5
0
0
56,8
50,49
0
0
56,8
50,48
0
0
56,81
50,47
0
0
56,81
50,46
0
0
56,82
50,45
0
0
56,82
50,44
0
0
56,83
50,44
0
0
56,83
50,43
0
0
56,84
50,42
0
0
56,84
50,41
0
0
56,85
50,4
0
0
56,85
50,39
0
0
56,86
50,38
0
0
56,86
50,38
0
0
56,86
50,37
0
0
56,87
50,36
0
0
56,87
50,35
0
0
56,88
50,34
0
0
56,88
50,34
0
0
56,89
50,33
0
0
56,89
50,32
0
0
56,89
50,31
0
0
56,9
50,31
0
0
56,9
50,3
0
0
56,9
50,29
0
0
56,91
50,28
0
0
56,91
50,28
0
0
56,92
50,27
0
0
56,92
50,26
0
0
56,92
50,25
0
0
56,93
50,25
0
0
56,93
50,24
0
0
56,93
50,23
0
0
56,94
50,23
0
0
56,94
50,22
0
0
56,94
50,21
0
0
56,95
50,21
0
0
56,95
50,2
0
0
56,95
50,19
0
0
56,96
50,19
0
0
56,96
50,18
0
0
56,96
50,18
0
0
56,97
50,17
0
0
56,97
50,16
0
0
56,97
50,16
0
0
56,98
50,15
0
0
56,98
50,15
0
0
56,98
50,14
0
0
56,99
50,13
0
0
56,99
50,13
0
0
56,99
50,12
0
0
56,99
50,12
0
0
57
50,11
0
0
57
50,11
0
0
57
50,1
0
0
57,01
50,1
0
0
57,01
50,09
0
0
57,01
50,09
0
0
57,01
50,08
0
0
57,02
50,08
0
0
57,02
50,07
0
0
57,02
50,07
0
0
57,03
50,06
0
0
57,03
50,06
0
0
57,03
50,05
0
0
57,03
50,05
0
0
57,04
50,04
0
0
57,04
50,04
0
0
57,04
50,03
0
0
57,04
50,03
0
0
57,05
50,03
0
0
57,05
50,02
0
0
57,05
50,02
0
0
57,05
50,01
0
0
57,05
50,01
0
0
57,06
50
0
0
57,06
50
0
0
57,06
50
0
0
57,06
49,99
0
0
57,07
49,99
0
0
57,07
49,98
0
0
57,07
49,98
0
0
57,07
49,97
0
0
57,07
49,97
0
0
57,08
49,97
0
0
57,08
49,96
0
0
57,08
49,96
0
0
57,08
49,96
0
0
57,08
49,95
0
0
57,09
49,95
0
0
57,09
49,94
0
0
57,09
49,94
0
0
57,09
49,94
0
0
57,09
49,93
0
0
57,1
49,93
0
0
57,1
49,93
0
0
57,1
49,92
0
0
57,1
49,92
0
0
57,1
49,92
0
0
57,1
49,91
0
0
57,11
49,91
0
0
57,11
49,91
0
0
57,11
49,9
0
0
57,11
49,9
0
0
57,11
49,9
0
0
57,11
49,9
0
0
57,11
49,89
0
0
57,12
49,89
0
0
57,12
49,89
0
0
57,12
49,88
0
0
57,12
49,88
0
0
57,12
49,88
0
0
57,12
49,87
0
0
57,12
49,87
0
0
57,13
49,87
0
0
57,13
49,87
0
0
57,13
49,86
0
0
57,13
49,86
0
0
57,13
49,86
0
0
57,13
49,86
0
0
57,13
49,85
0
0
57,14
49,85
0
0
57,14
49,85
0
0
57,14
49,84
0
0
57,14
49,84
0
0
57,14
49,84
0
0
57,14
49,84
0
0
57,14
49,84
0
0
57,14
49,83
0
0
57,15
49,83
0
0
57,15
49,83
0
0
57,15
49,83
0
0
57,15
49,82
0
0
57,15
49,82
0
0
57,15
49,82
0
0
57,15
49,82
0
0
57,15
49,81
0
0
57,16
49,81
0
0
57,16
49,81
0
0
57,16
49,81
0
0
57,16
49,81
0
0
57,16
49,8
0
0
57,16
49,8
0
0
57,16
49,8
0
0
57,16
49,8
0
0
57,16
49,8
0
0
57,16
49,79
0
0
57,17
49,79
0
0
57,17
49,79
0
0
57,17
49,79
0
0
57,17
49,79
0
0
57,17
49,78
0
0
57,17
49,78
0
0
57,17
49,78
0
0
57,17
49,78
0
0
57,17
49,78
0
0
57,17
49,78
0
0
57,18
49,77
0
0
57,18
49,77
0
0
57,18
49,77
0
0
57,18
49,77
0
0
57,18
49,77
0
0
57,18
49,77
0
0
57,18
49,76
0
0
57,18
49,76
0
0
57,18
49,76
0
0
57,18
49,76
0
0
57,18
49,76
0
0
57,19
49,76
0
0
57,19
49,76
0
0
57,19
49,75
0
0
57,19
49,75
0
0
57,19
49,75
0
0
57,19
49,75
0
0
57,19
49,75
0
0
57,19
49,75
0
0
57,19
49,74
0
0
57,19
49,74
0
0
57,19
49,74
0
0
57,19
49,74
0
0
57,19
49,74
0
0
57,19
49,74
0
0
57,2
49,74
0
0
57,2
49,74
0
0
57,2
49,73
0
0
57,2
49,73
0
0
57,2
49,73
0
0
57,2
49,73
0
0
57,2
49,73
0
0
57,2
49,73
0
0
57,2
49,73
0
0
57,2
49,73
0
0
57,2
49,72
0
0
57,2
49,72
0
0
57,2
49,72
0
0
57,2
49,72
0
0
57,2
49,72
0
0
57,2
49,72
0
0
57,21
49,72
0
0
57,21
49,72
0
0
57,21
49,72
0
0
57,21
49,72
0
0
57,21
49,71
0
0
57,21
49,71
0
0
57,21
49,71
0
0
57,21
49,71
0
0
57,21
49,71
0
0
57,21
49,71
0
0
57,21
49,71
0
0
57,21
49,71
0
0
57,21
49,71
0
0
57,21
49,71
0
0
57,21
49,7
0
0
57,21
49,7
0
0
57,21
49,7
0
0
57,21
49,7
0
0
57,21
49,7
0
0
57,21
49,7
0
0
57,21
49,7
0
0
57,22
49,7
0
0
57,22
49,7
0
0
57,22
49,7
0
0
57,22
49,69
0
0
57,22
49,69
0
0
57,22
49,69
0
0
57,22
49,69
0
0
57,22
49,69
0
0
57,22
49,69
0
0
57,22
49,69
0
0
57,22
49,69
0
0
57,22
49,69
0
0
57,22
49,69
0
0
57,22
49,69
0
0
57,22
49,69
0
0
57,22
49,69
0
0
57,22
49,69
0
0
57,22
49,69
0
0
57,22
49,69
0
0
57,22
49,68
0
0
57,22
49,68
0
0
57,22
49,68
0
0
57,22
49,68
0
0
57,22
49,68
0
0
57,22
49,68
0
0
57,23
49,68
0
0
57,23
49,68
0
0
57,23
49,68
0
0
57,23
49,68
0
0
57,23
49,68
0
0
57,23
49,68
0
0
57,23
49,68
0
0
57,23
49,68
0
0
57,23
49,68
0
0
57,23
49,68
0
0
57,23
49,68
0
0
57,23
49,67
0
0
57,23
49,67
0
0
57,23
49,67
0
0
57,23
49,67
0
0
57,23
49,67
0
0
57,23
49,67
0
0
57,23
49,67
0
0
57,23
49,67
0
0
57,23
49,67
0
0
57,23
49,67
0
0
57,23
49,67
0
0
57,23
49,67
0
0
57,23
49,67
0
0
57,23
49,67
0
0
57,23
49,67
0
0
57,23
49,67
0
0
57,23
49,67
0
0
57,23
49,67
0
0
57,23
49,67
0
0
57,23
49,67
0
0
57,23
49,67
0
0
57,23
49,66
0
0
57,24
49,66
0
0
57,24
49,66
0
0
57,24
49,66
0
0
57,24
49,66
0
0
57,24
49,66
0
0
57,24
49,66
0
0
57,24
49,66
0
0
57,24
49,66
0
0
57,24
49,66
0
0
57,24
49,66
0
0
57,24
49,66
0
0
57,24
49,66
0
0
57,24
49,66
0
0
57,24
49,66
0
0
57,24
49,66
0
0
57,24
49,66
0
0
57,24
49,66
0
0
57,24
49,66
0
0
57,24
49,66
0
0
57,24
49,66
0
0
57,24
49,66
0
0
57,24
49,66
0
0
57,24
49,66
0
0
57,24
49,66
0
0
57,24
49,65
0
0
57,24
49,65
0
0
57,24
49,65
0
0
57,24
49,65
0
0
57,24
49,65
0
0
57,24
49,65
0
0
57,24
49,65
0
0
57,24
49,65
0
0
57,24
49,65
0
0
57,24
49,65
0
0
57,24
49,65
0
0
57,24
49,65
0
0
57,24
49,65
0
0
57,24
49,65
0
0
57,24
49,65
0
0
57,24
49,65
0
0
57,24
49,65
0
0
57,24
49,65
0
0
57,24
49,65
0
0
57,24
49,65
0
0
57,24
49,65
0
0
57,24
49,65
0
0
57,24
49,65
0
0
57,24
49,65
0
0
57,24
49,65
0
0
57,24
49,65
0
0
57,24
49,65
0
0
57,24
49,65
0
0
57,24
49,64
0
0
57,24
49,64
0
0
57,24
49,64
0
0
57,24
49,64
0
0
57,24
49,64
0
-4
57,24
49,64
0
-4
57,24
49,64
0
-5
57,25
49,63
0
-5
57,25
49,62
0
-4
57,25
49,61
0
-4
57,25
49,6
0
-4
57,25
49,58
0
0
57,25
49,56
0
0
57,25
49,54
0
0
57,25
49,52
0
-4
57,25
49,5
0
-5
57,25
49,48
0
-5
57,25
49,46
0
-5
57,25
49,43
0
-5
57,25
49,4
0
-6
57,25
49,37
0
-5
57,25
49,33
0
-5
57,25
49,29
0
-5
57,25
49,25
0
-6
57,25
49,21
0
-6
57,25
49,16
0
-6
57,25
49,11
0
-6
57,25
49,05
0
-6
57,25
48,99
0
-5
57,25
48,93
0
-6
57,25
48,87
0
-5
57,25
48,8
0
-5
57,25
48,74
0
-5
57,25
48,67
0
-5
57,25
48,6
0
-4
57,25
48,52
0
-4
57,25
48,44
0
-4
57,25
48,37
0
-4
57,25
48,29
0
-4
57,25
48,21
0
-4
57,25
48,12
0
-4
57,25
48,04
0
0
57,25
47,96
0
0
57,25
47,88
0
0
57,25
47,8
0
0
57,25
47,72
0
0
57,25
47,64
0
0
57,25
47,56
0
0
57,25
47,49
0
0
57,25
47,41
0
0
57,25
47,34
0
0
57,25
47,26
0
0
57,25
47,19
0
0
57,25
47,12
0
0
57,25
47,04
0
0
57,25
46,97
0
0
57,25
46,9
0
0
57,25
46,84
0
0
57,25
46,77
0
0
57,25
46,7
0
0
57,25
46,63
0
0
57,25
46,56
0
0
57,25
46,5
0
0
57,25
46,43
0
0
57,25
46,37
0
0
57,25
46,3
0
0
57,25
46,24
0
0
57,25
46,18
0
0
57,25
46,12
0
0
57,25
46,06
0
0
57,25
46
0
0
57,25
45,94
0
0
57,25
45,88
0
0
57,25
45,82
0
0
57,25
45,76
0
0
57,25
45,7
0
0
57,25
45,65
0
0
57,25
45,59
0
0
57,25
45,53
0
0
57,25
45,48
0
0
57,25
45,42
0
0
57,25
45,37
0
0
57,25
45,32
0
0
57,25
45,27
0
0
57,25
45,21
0
0
57,25
45,16
0
0
57,25
45,11
0
0
57,25
45,06
0
0
57,25
45,01
0
0
57,25
44,96
0
0
57,25
44,91
0
0
57,25
44,86
0
0
57,25
44,81
0
0
57,25
44,76
0
0
57,25
44,71
0
0
57,25
44,67
0
0
57,25
44,62
0
0
57,25
44,57
0
-4
57,25
44,52
0
0
57,25
44,47
0
-4
57,25
44,43
0
0
57,25
44,38
0
0
57,25
44,33
0
0
57,25
44,29
0
-4
57,25
44,24
0
0
57,25
44,19
0
0
57,25
44,14
0
0
57,25
44,1
0
0
57,25
44,05
0
-4
57,25
44
0
0
57,25
43,95
0
0
57,25
43,9
0
0
57,25
43,85
0
-4
57,25
43,81
0
-4
57,25
43,75
0
0
57,25
43,7
0
0
57,25
43,65
0
0
57,25
43,6
0
-4
57,25
43,55
0
-4
57,25
43,5
0
0
57,25
43,44
0
0
57,25
43,39
0
-4
57,25
43,34
0
-4
57,25
43,29
0
-4
57,25
43,23
0
0
57,25
43,18
0
0
57,25
43,12
0
-4
57,25
43,07
0
-4
57,25
43,01
0
-4
57,25
42,95
0
-4
57,25
42,89
0
0
57,25
42,83
0
0
57,25
42,77
0
0
57,25
42,71
0
0
57,25
42,65
0
0
57,25
42,59
0
0
57,25
42,53
0
0
57,25
42,47
0
0
57,25
42,41
0
0
57,25
42,36
0
0
57,25
42,3
0
0
57,25
42,24
0
0
57,25
42,19
0
0
57,25
42,13
0
0
57,25
42,08
0
0
57,25
42,02
0
0
57,25
41,97
0
0
57,25
41,91
0
0
57,25
41,86
0
0
57,25
41,81
0
0
57,25
41,76
0
0
57,25
41,7
0
0
57,25
41,66
0
0
57,25
41,61
0
0
57,25
41,56
0
0
57,25
41,51
0
0
57,25
41,46
0
0
57,25
41,41
0
0
57,25
41,36
0
0
57,25
41,32
0
0
57,25
41,27
0
0
57,25
41,23
0
0
57,25
41,18
0
0
57,25
41,14
0
0
57,25
41,09
0
0
57,25
41,05
0
0
57,25
41
0
0
57,25
40,96
0
0
57,25
40,92
0
0
57,25
40,88
0
0
57,25
40,83
0
0
57,25
40,79
0
0
57,25
40,75
0
0
57,25
40,71
0
0
57,25
40,67
0
0
57,25
40,63
0
0
57,25
40,6
0
0
57,25
40,56
0
0
57,25
40,52
0
0
57,25
40,48
0
0
57,25
40,44
0
0
57,25
40,41
0
0
57,25
40,37
0
0
57,25
40,33
0
0
57,25
40,3
0
0
57,25
40,26
0
0
57,25
40,23
0
0
57,25
40,19
0
0
57,25
40,16
0
0
57,25
40,13
0
0
57,25
40,09
0
0
57,25
40,06
0
0
57,25
40,03
0
0
57,25
40
0
0
57,25
39,96
0
0
57,25
39,93
0
0
57,25
39,9
0
0
57,25
39,87
0
0
57,25
39,84
0
0
57,25
39,81
0
0
57,25
39,78
0
0
57,25
39,75
0
0
57,25
39,72
0
0
57,25
39,69
0
0
57,25
39,66
0
0
57,25
39,63
0
0
57,25
39,6
0
0
57,25
39,58
0
0
57,25
39,55
0
0
57,25
39,52
0
0
57,25
39,5
0
0
57,25
39,47
0
0
57,25
39,44
0
0
57,25
39,42
0
0
57,25
39,39
0
0
57,25
39,37
0
0
57,25
39,34
0
0
57,25
39,31
0
0
57,25
39,29
0
0
57,25
39,27
0
0
57,25
39,24
0
0
57,25
39,22
0
0
57,25
39,19
0
0
57,25
39,17
0
0
57,25
39,15
0
0
57,25
39,12
0
0
57,25
39,1
0
0
57,25
39,08
0
0
57,25
39,06
0
0
57,25
39,04
0
0
57,25
39,02
0
0
57,25
38,99
0
0
57,25
38,97
0
0
57,25
38,95
0
0
57,25
38,93
0
-4
57,25
38,91
0
0
57,25
38,89
0
-4
57,25
38,86
0
0
57,25
38,84
0
0
57,25
38,82
0
-4
57,25
38,79
0
0
57,25
38,77
0
0
57,25
38,75
0
0
57,25
38,72
0
0
57,25
38,7
0
0
57,25
38,68
0
0
57,25
38,65
0
-4
57,25
38,63
0
0
57,25
38,61
0
0
57,25
38,59
0
0
57,25
38,56
0
0
57,25
38,54
0
0
57,25
38,52
0
0
57,25
38,49
0
0
57,25
38,47
0
0
57,25
38,45
0
0
57,25
38,42
0
-4
57,25
38,4
0
-4
57,25
38,37
0
0
