3/03/2017 10:02

42,6
67,09
0
0
42,6
67,09
0
0
42,6
67,09
0
0
42,6
67,09
0
0
42,6
67,09
0
0
42,6
67,09
0
0
42,6
67,09
0
0
42,6
67,09
0
0
42,6
67,09
0
0
42,6
67,09
0
0
42,6
67,09
0
0
42,6
67,09
0
0
42,6
67,09
0
0
42,6
67,09
0
0
42,6
67,09
0
0
42,6
67,09
0
0
42,6
67,09
0
0
42,6
67,09
0
0
42,6
67,09
0
0
42,6
67,09
0
0
42,6
67,09
0
0
42,6
67,09
0
0
42,6
67,09
4
0
42,6
67,09
0
0
42,6
67,09
4
0
42,61
67,09
0
0
42,61
67,09
0
0
42,62
67,09
5
0
42,63
67,09
0
0
42,64
67,09
5
0
42,65
67,09
4
0
42,66
67,09
0
0
42,68
67,09
4
0
42,69
67,09
4
0
42,71
67,09
4
0
42,74
67,09
4
0
42,76
67,09
0
0
42,78
67,09
5
0
42,81
67,09
4
0
42,84
67,09
4
0
42,87
67,09
4
0
42,9
67,09
0
0
42,93
67,09
6
0
42,97
67,09
0
0
43
67,09
4
0
43,04
67,09
0
0
43,08
67,09
4
0
43,12
67,09
0
0
43,16
67,09
5
0
43,2
67,09
4
0
43,25
67,09
0
0
43,29
67,09
5
0
43,34
67,09
0
0
43,38
67,09
5
0
43,43
67,09
0
0
43,48
67,09
5
0
43,53
67,09
0
0
43,58
67,09
0
0
43,64
67,09
5
0
43,69
67,09
0
0
43,74
67,09
6
0
43,8
67,09
0
0
43,85
67,09
6
0
43,91
67,09
0
0
43,96
67,09
4
0
44,02
67,09
0
0
44,08
67,09
0
0
44,14
67,09
4
0
44,2
67,09
0
0
44,26
67,09
5
0
44,32
67,09
0
0
44,38
67,09
4
0
44,44
67,09
0
0
44,5
67,09
0
-4
44,56
67,09
0
0
44,61
67,08
0
-4
44,67
67,08
0
0
44,73
67,07
0
0
44,79
67,06
0
0
44,85
67,06
0
0
44,9
67,05
0
0
44,96
67,04
0
0
45,02
67,04
0
0
45,08
67,03
4
0
45,14
67,02
0
-4
45,19
67,01
4
-4
45,25
67
0
0
45,31
66,99
4
-4
45,37
66,98
0
0
45,42
66,96
4
-4
45,48
66,95
0
0
45,54
66,93
0
-4
45,6
66,92
5
0
45,66
66,9
0
-4
45,72
66,88
5
0
45,78
66,86
0
0
45,84
66,84
0
-4
45,9
66,82
4
0
45,96
66,8
0
0
46,03
66,78
4
0
46,09
66,76
0
-4
46,16
66,73
4
0
46,22
66,71
4
0
46,29
66,68
0
0
46,36
66,66
5
0
46,43
66,64
0
0
46,5
66,61
5
-4
46,57
66,59
0
0
46,64
66,57
4
-4
46,71
66,54
4
0
46,79
66,52
0
-4
46,86
66,49
5
0
46,94
66,46
0
0
47,02
66,44
6
0
47,09
66,41
0
-4
47,17
66,38
4
-4
47,25
66,36
0
-4
47,33
66,33
6
0
47,42
66,3
5
0
47,5
66,27
0
-4
47,58
66,24
6
0
47,67
66,2
0
0
47,75
66,17
7
0
47,84
66,14
0
0
47,93
66,11
6
-4
48,02
66,07
5
0
48,12
66,04
0
0
48,21
66,01
8
0
48,3
65,98
0
0
48,4
65,95
5
-4
48,49
65,91
4
0
48,59
65,88
4
0
48,69
65,85
6
0
48,79
65,81
0
0
48,89
65,78
8
0
48,99
65,75
0
0
49,1
65,72
4
0
49,2
65,68
6
0
49,31
65,65
0
0
49,41
65,62
7
0
49,52
65,59
0
0
49,63
65,56
4
0
49,74
65,53
5
0
49,85
65,5
6
0
49,96
65,47
0
0
50,08
65,45
5
0
50,19
65,42
6
0
50,3
65,39
0
0
50,42
65,36
8
0
50,54
65,34
0
0
50,65
65,31
6
0
50,77
65,28
5
0
50,89
65,25
0
0
51,02
65,23
8
-4
51,14
65,2
0
0
51,26
65,17
5
-4
51,38
65,14
6
0
51,51
65,11
0
0
51,64
65,08
8
-4
51,76
65,05
0
0
51,89
65,02
5
0
52,02
65
5
0
52,15
64,97
0
0
52,28
64,94
8
-4
52,41
64,9
0
0
52,54
64,87
5
0
52,68
64,84
5
0
52,81
64,81
0
0
52,95
64,78
8
0
53,08
64,75
0
0
53,22
64,72
8
0
53,35
64,69
0
0
53,49
64,66
5
0
53,63
64,63
0
0
53,77
64,6
0
-4
53,91
64,57
5
0
54,05
64,55
0
0
54,19
64,52
7
0
54,33
64,49
0
0
54,47
64,45
6
0
54,61
64,42
0
0
54,75
64,39
6
-4
54,89
64,36
0
-4
55,02
64,32
7
-4
55,16
64,29
0
-4
55,3
64,25
5
-5
55,44
64,22
0
0
55,58
64,18
4
-5
55,72
64,14
0
-4
55,86
64,1
0
-4
56
64,06
6
0
56,14
64,01
0
0
56,28
63,97
7
0
56,42
63,92
0
-4
56,56
63,88
6
-5
56,7
63,83
0
0
56,84
63,78
5
-5
56,98
63,73
0
-4
57,12
63,67
0
-5
57,26
63,62
0
-4
57,4
63,57
0
-4
57,53
63,51
0
0
57,67
63,45
0
-4
57,81
63,39
4
-4
57,94
63,33
0
-4
58,08
63,27
5
-4
58,21
63,21
0
0
58,35
63,15
4
-4
58,48
63,08
0
0
58,61
63,01
0
-4
58,75
62,94
0
-5
58,88
62,87
0
-6
59,01
62,8
0
-5
59,14
62,72
0
-5
59,27
62,65
4
-4
59,4
62,57
0
0
59,53
62,49
0
-4
59,65
62,41
0
-4
59,78
62,32
0
-4
59,9
62,24
0
-5
60,02
62,15
0
0
60,15
62,07
0
0
60,27
61,98
0
0
60,38
61,9
0
-4
60,5
61,81
0
-4
60,62
61,72
0
0
60,73
61,63
0
0
60,85
61,55
0
0
60,96
61,46
0
0
61,07
61,38
0
0
61,18
61,29
0
0
61,29
61,21
0
0
61,39
61,13
0
0
61,5
61,05
0
0
61,61
60,97
0
0
61,71
60,89
0
0
61,81
60,81
0
0
61,91
60,73
0
0
62,02
60,66
0
0
62,12
60,58
0
0
62,21
60,51
0
0
62,31
60,43
0
0
62,41
60,36
0
0
62,5
60,28
0
0
62,6
60,21
0
0
62,69
60,14
0
-4
62,78
60,07
0
-4
62,87
59,99
0
0
62,96
59,92
0
0
63,05
59,85
0
-4
63,14
59,77
0
-4
63,23
59,69
0
0
63,32
59,62
0
0
63,4
59,55
0
0
63,49
59,47
0
-4
63,57
59,4
0
-4
63,65
59,32
0
0
63,74
59,25
0
0
63,82
59,17
0
0
63,9
59,1
0
0
63,98
59,02
0
0
64,05
58,95
0
0
64,13
58,87
0
0
64,21
58,8
0
0
64,28
58,73
0
0
64,36
58,67
0
0
64,43
58,6
0
0
64,51
58,53
0
0
64,58
58,46
0
0
64,65
58,39
0
0
64,72
58,33
0
0
64,79
58,26
0
0
64,86
58,2
0
0
64,93
58,13
0
0
65
58,07
0
0
65,07
58,01
0
0
65,14
57,94
0
0
65,2
57,88
0
0
65,27
57,82
0
0
65,33
57,76
0
0
65,4
57,7
0
0
65,46
57,64
0
0
65,52
57,59
0
0
65,58
57,53
0
0
65,64
57,47
0
0
65,7
57,42
0
0
65,76
57,36
0
0
65,82
57,31
0
0
65,88
57,25
0
0
65,94
57,2
0
0
66
57,14
0
0
66,05
57,09
0
0
66,11
57,04
0
0
66,17
56,99
0
0
66,22
56,94
0
0
66,28
56,89
0
0
66,33
56,84
0
0
66,38
56,79
0
0
66,44
56,74
0
0
66,49
56,69
0
0
66,54
56,64
0
0
66,59
56,6
0
0
66,64
56,55
0
0
66,69
56,5
0
0
66,74
56,46
0
0
66,79
56,41
0
0
66,84
56,37
0
0
66,88
56,32
0
0
66,93
56,28
0
0
66,98
56,24
0
0
67,02
56,2
0
0
67,07
56,15
0
0
67,11
56,11
0
0
67,16
56,07
0
0
67,2
56,03
0
0
67,25
55,99
0
0
67,29
55,95
0
0
67,33
55,91
0
0
67,37
55,87
0
0
67,42
55,83
0
0
67,46
55,79
0
0
67,5
55,75
0
0
67,54
55,72
0
0
67,58
55,68
0
0
67,62
55,64
0
0
67,66
55,61
0
0
67,7
55,57
0
0
67,74
55,53
0
0
67,77
55,5
0
0
67,81
55,46
0
0
67,85
55,43
0
0
67,89
55,39
0
0
67,92
55,36
0
0
67,96
55,33
0
0
67,99
55,3
0
0
68,03
55,26
0
0
68,06
55,23
0
0
68,1
55,2
0
0
68,13
55,17
0
0
68,17
55,14
0
0
68,2
55,1
0
0
68,23
55,07
0
0
68,26
55,04
0
0
68,3
55,01
0
0
68,33
54,98
0
0
68,36
54,95
0
0
68,39
54,92
0
0
68,42
54,9
0
0
68,45
54,87
0
0
68,48
54,84
0
0
68,52
54,81
0
0
68,55
54,79
0
0
68,58
54,76
4
0
68,61
54,73
0
0
68,64
54,7
4
0
68,67
54,68
0
0
68,71
54,65
0
0
68,74
54,63
4
0
68,78
54,6
0
0
68,81
54,58
5
0
68,85
54,55
0
0
68,89
54,53
0
0
68,92
54,5
4
0
68,96
54,48
0
0
69
54,46
4
0
69,04
54,43
0
0
69,08
54,41
0
0
69,12
54,39
4
0
69,17
54,36
0
0
69,21
54,34
5
0
69,25
54,32
0
0
69,3
54,29
0
0
69,34
54,27
4
0
69,39
54,25
0
0
69,43
54,23
5
0
69,48
54,21
0
0
69,53
54,19
0
0
69,57
54,17
4
0
69,62
54,15
0
0
69,67
54,13
4
0
69,72
54,11
0
0
69,77
54,09
0
0
69,82
54,07
4
0
69,87
54,05
0
0
69,92
54,03
4
0
69,98
54,01
0
0
70,03
53,99
0
0
70,08
53,97
0
0
70,13
53,95
0
0
70,18
53,94
0
0
70,23
53,92
0
0
70,28
53,9
0
0
70,33
53,88
0
0
70,38
53,86
0
0
70,43
53,85
0
0
70,47
53,83
0
0
70,52
53,81
0
0
70,57
53,8
0
0
70,61
53,78
0
0
70,66
53,76
0
0
70,7
53,75
0
0
70,75
53,73
0
0
70,79
53,72
0
0
70,84
53,7
0
0
70,88
53,68
0
0
70,92
53,67
0
0
70,97
53,65
0
0
71,01
53,64
0
0
71,05
53,62
0
0
71,09
53,61
0
0
71,13
53,6
0
0
71,17
53,58
0
0
71,21
53,57
0
0
71,25
53,55
0
0
71,29
53,54
0
0
71,32
53,53
0
0
71,36
53,51
0
0
71,4
53,5
0
0
71,44
53,49
0
0
71,48
53,47
0
0
71,51
53,46
0
0
71,55
53,44
0
-5
71,58
53,43
0
0
71,62
53,42
0
-4
71,65
53,4
0
0
71,69
53,39
0
0
71,72
53,37
0
0
71,75
53,36
0
0
71,79
53,34
0
0
71,82
53,33
0
0
71,85
53,32
0
0
71,89
53,3
0
0
71,92
53,29
0
0
71,95
53,27
0
0
71,98
53,26
0
0
72,01
53,25
0
0
72,04
53,23
0
0
72,07
53,22
0
0
72,1
53,21
0
0
72,13
53,19
0
0
72,16
53,18
0
0
72,19
53,17
0
0
72,22
53,16
0
0
72,25
53,14
0
0
72,28
53,13
0
0
72,3
53,12
0
0
72,33
53,11
0
0
72,36
53,1
0
0
72,38
53,08
0
0
72,41
53,07
0
0
72,44
53,06
0
0
72,46
53,05
0
0
72,49
53,04
0
0
72,51
53,03
0
0
72,54
53,02
0
0
72,56
53,01
0
0
72,59
52,99
0
0
72,61
52,98
0
0
72,64
52,97
0
0
72,66
52,96
0
0
72,68
52,95
0
0
72,71
52,94
0
0
72,73
52,93
0
0
72,75
52,92
0
0
72,78
52,91
0
0
72,8
52,9
0
0
72,82
52,89
0
0
72,84
52,88
0
0
72,86
52,87
0
0
72,88
52,86
0
0
72,91
52,85
0
0
72,93
52,85
0
0
72,95
52,84
0
0
72,97
52,83
0
0
72,99
52,82
0
0
73,01
52,81
0
0
73,03
52,8
0
0
73,05
52,79
0
0
73,07
52,78
0
0
73,08
52,78
0
0
73,1
52,77
0
0
73,12
52,76
0
0
73,14
52,75
0
0
73,16
52,74
0
0
73,18
52,74
0
0
73,2
52,73
0
0
73,21
52,72
0
0
73,23
52,71
0
0
73,25
52,71
0
0
73,27
52,7
0
0
73,28
52,69
0
0
73,3
52,68
0
0
73,32
52,68
0
0
73,33
52,67
0
0
73,35
52,66
0
0
73,37
52,66
0
0
73,38
52,65
0
0
73,4
52,64
0
0
73,41
52,63
0
0
73,43
52,63
0
0
73,44
52,62
0
0
73,46
52,61
0
0
73,47
52,61
0
0
73,49
52,6
0
0
73,5
52,59
0
0
73,52
52,59
0
0
73,53
52,58
0
0
73,55
52,58
0
0
73,56
52,57
0
0
73,57
52,56
0
0
73,59
52,56
0
0
73,6
52,55
0
0
73,61
52,54
0
0
73,63
52,54
0
0
73,64
52,53
0
0
73,65
52,53
0
0
73,67
52,52
0
0
73,68
52,52
0
0
73,69
52,51
0
0
73,7
52,51
0
0
73,72
52,5
0
0
73,73
52,5
0
0
73,74
52,49
0
0
73,75
52,49
0
0
73,76
52,48
0
0
73,78
52,48
0
0
73,79
52,47
0
0
73,8
52,47
0
0
73,81
52,46
0
0
73,82
52,46
0
0
73,83
52,45
0
0
73,84
52,45
0
0
73,85
52,44
0
0
73,86
52,44
0
0
73,87
52,43
0
0
73,88
52,43
0
0
73,89
52,42
0
0
73,91
52,42
0
0
73,92
52,41
0
0
73,92
52,41
0
0
73,93
52,41
0
0
73,94
52,4
0
0
73,95
52,4
0
0
73,96
52,39
0
0
73,97
52,39
0
0
73,98
52,38
0
0
73,99
52,38
0
0
74
52,38
0
0
74,01
52,37
0
0
74,02
52,37
0
0
74,03
52,36
0
0
74,04
52,36
0
0
74,05
52,36
0
0
74,06
52,35
0
0
74,06
52,35
0
0
74,07
52,35
0
0
74,08
52,34
0
0
74,09
52,34
0
0
74,1
52,33
0
0
74,1
52,33
0
0
74,11
52,33
0
0
74,12
52,33
0
0
74,13
52,32
0
0
74,14
52,32
0
0
74,14
52,31
0
0
74,15
52,31
0
0
74,16
52,31
0
0
74,17
52,31
0
0
74,17
52,3
0
0
74,18
52,3
0
0
74,19
52,3
0
0
74,2
52,29
0
0
74,2
52,29
0
0
74,21
52,29
0
0
74,22
52,28
0
0
74,22
52,28
0
0
74,23
52,28
0
0
74,24
52,28
0
0
74,24
52,27
0
0
74,25
52,27
0
0
74,26
52,27
0
0
74,26
52,26
0
0
74,27
52,26
0
0
74,27
52,26
0
0
74,28
52,25
0
0
74,28
52,25
0
0
74,29
52,25
0
0
74,3
52,25
0
0
74,3
52,25
0
0
74,31
52,24
0
0
74,31
52,24
0
0
74,32
52,24
0
0
74,32
52,23
0
0
74,33
52,23
0
0
74,34
52,23
0
0
74,34
52,23
0
0
74,35
52,23
0
0
74,35
52,22
0
0
74,36
52,22
0
0
74,36
52,22
0
0
74,37
52,22
0
0
74,37
52,21
0
0
74,38
52,21
0
0
74,38
52,21
0
0
74,39
52,21
0
0
74,39
52,21
0
0
74,4
52,2
0
0
74,4
52,2
0
0
74,41
52,2
0
0
74,41
52,2
0
0
74,42
52,2
0
0
74,42
52,19
0
0
74,43
52,19
0
0
74,43
52,19
0
0
74,44
52,19
0
0
74,44
52,19
0
0
74,45
52,18
0
0
74,45
52,18
0
0
74,45
52,18
0
0
74,46
52,18
0
0
74,46
52,18
0
0
74,47
52,18
0
0
74,47
52,17
0
0
74,47
52,17
0
0
74,48
52,17
0
0
74,48
52,17
0
0
74,49
52,17
0
0
74,49
52,16
0
0
74,49
52,16
0
0
74,5
52,16
0
0
74,5
52,16
0
0
74,5
52,16
0
0
74,51
52,16
0
0
74,51
52,15
0
0
74,51
52,15
0
0
74,52
52,15
0
0
74,52
52,15
0
0
74,52
52,15
0
0
74,53
52,15
0
0
74,53
52,15
0
0
74,53
52,14
0
0
74,54
52,14
0
0
74,54
52,14
0
0
74,54
52,14
0
0
74,55
52,14
0
0
74,55
52,14
0
0
74,55
52,14
0
0
74,56
52,13
0
0
74,56
52,13
0
0
74,56
52,13
0
0
74,57
52,13
0
0
74,57
52,13
0
0
74,57
52,13
0
0
74,57
52,13
0
0
74,58
52,13
0
0
74,58
52,13
0
0
74,58
52,12
0
0
74,59
52,12
0
0
74,59
52,12
0
0
74,59
52,12
0
0
74,59
52,12
0
0
74,6
52,12
0
0
74,6
52,12
0
0
74,6
52,12
0
0
74,6
52,11
0
0
74,61
52,11
0
0
74,61
52,11
0
0
74,61
52,11
0
0
74,61
52,11
0
0
74,62
52,11
0
0
74,62
52,11
0
0
74,62
52,11
0
0
74,62
52,11
0
0
74,63
52,11
0
0
74,63
52,1
0
0
74,63
52,1
0
0
74,63
52,1
0
0
74,64
52,1
0
0
74,64
52,1
0
0
74,64
52,1
0
0
74,64
52,1
0
0
74,64
52,1
0
0
74,65
52,1
0
0
74,65
52,1
0
0
74,65
52,1
0
0
74,65
52,09
0
0
74,66
52,09
0
0
74,66
52,09
0
0
74,66
52,09
0
0
74,66
52,09
0
0
74,66
52,09
0
0
74,67
52,09
0
0
74,67
52,09
0
0
74,67
52,09
0
0
74,67
52,09
0
0
74,67
52,09
0
0
74,67
52,08
0
0
74,68
52,08
0
0
74,68
52,08
0
0
74,68
52,08
0
0
74,68
52,08
0
0
74,68
52,08
0
0
74,68
52,08
0
0
74,69
52,08
0
0
74,69
52,08
0
0
74,69
52,08
0
0
74,69
52,08
0
0
74,69
52,08
0
0
74,69
52,08
0
0
74,7
52,08
0
0
74,7
52,08
0
0
74,7
52,07
0
0
74,7
52,07
0
0
74,7
52,07
0
0
74,7
52,07
0
0
74,7
52,07
0
0
74,71
52,07
0
0
74,71
52,07
0
0
74,71
52,07
0
0
74,71
52,07
0
0
74,71
52,07
0
0
74,71
52,07
0
0
74,71
52,07
0
0
74,71
52,07
0
0
74,72
52,07
0
0
74,72
52,07
0
0
74,72
52,07
0
0
74,72
52,06
0
0
74,72
52,06
0
0
74,72
52,06
0
0
74,72
52,06
0
0
74,72
52,06
0
0
74,73
52,06
0
0
74,73
52,06
0
0
74,73
52,06
0
0
74,73
52,06
0
0
74,73
52,06
0
0
74,73
52,06
0
0
74,73
52,06
0
0
74,73
52,06
0
0
74,73
52,06
0
0
74,74
52,06
0
0
74,74
52,06
0
0
74,74
52,06
0
0
74,74
52,06
0
0
74,74
52,06
0
0
74,74
52,06
0
0
74,74
52,06
0
0
74,74
52,05
0
0
74,74
52,05
0
0
74,74
52,05
0
0
74,75
52,05
0
0
74,75
52,05
0
0
74,75
52,05
0
0
74,75
52,05
0
0
74,75
52,05
0
0
74,75
52,05
0
0
74,75
52,05
0
0
74,75
52,05
0
0
74,75
52,05
0
0
74,75
52,05
0
0
74,76
52,05
0
0
74,76
52,05
0
0
74,76
52,05
0
0
74,76
52,05
0
0
74,76
52,05
0
0
74,76
52,05
0
0
74,76
52,05
0
0
74,76
52,05
0
0
74,76
52,05
0
0
74,76
52,05
0
0
74,76
52,05
0
0
74,76
52,05
0
0
74,77
52,05
0
0
74,77
52,05
0
0
74,77
52,05
0
0
74,77
52,04
0
0
74,77
52,04
0
0
74,77
52,04
0
0
74,77
52,04
0
0
74,77
52,04
0
0
74,77
52,04
0
0
74,77
52,04
0
0
74,77
52,04
0
0
74,77
52,04
0
0
74,77
52,04
0
0
74,77
52,04
0
0
74,78
52,04
0
0
74,78
52,04
0
0
74,78
52,04
0
0
74,78
52,04
0
0
74,78
52,04
0
0
74,78
52,04
0
0
74,78
52,04
0
0
74,78
52,04
0
0
74,78
52,04
0
0
74,78
52,04
0
0
74,78
52,04
0
0
74,78
52,04
0
0
74,78
52,04
0
0
74,78
52,04
0
0
74,78
52,04
0
0
74,78
52,04
0
0
74,78
52,04
0
0
74,79
52,04
0
0
74,79
52,04
0
0
74,79
52,04
0
0
74,79
52,04
0
0
74,79
52,04
0
0
74,79
52,04
0
0
74,79
52,04
0
0
74,79
52,04
0
0
74,79
52,04
0
0
74,79
52,04
0
0
74,79
52,04
0
0
74,79
52,04
0
0
74,79
52,04
0
0
74,79
52,03
0
0
74,79
52,03
0
0
74,79
52,03
0
0
74,79
52,03
0
0
74,79
52,03
0
0
74,79
52,03
0
0
74,79
52,03
0
0
74,79
52,03
0
0
74,8
52,03
0
0
74,8
52,03
0
0
74,8
52,03
0
0
74,8
52,03
0
0
74,8
52,03
0
0
74,8
52,03
0
0
74,8
52,03
0
0
74,8
52,03
0
0
74,8
52,03
0
0
74,8
52,03
0
0
74,8
52,03
0
0
74,8
52,03
0
0
74,8
52,03
0
0
74,8
52,03
0
0
74,8
52,03
0
0
74,8
52,03
0
0
74,8
52,03
0
0
74,8
52,03
0
0
74,8
52,03
0
0
74,8
52,03
0
0
74,8
52,03
0
0
74,8
52,03
0
0
74,8
52,03
0
0
74,8
52,03
0
0
74,8
52,03
0
0
74,8
52,03
0
0
74,8
52,03
0
0
74,8
52,03
0
0
74,81
52,03
0
0
74,81
52,03
0
0
74,81
52,03
0
0
74,81
52,03
0
0
74,81
52,03
0
0
74,81
52,03
0
0
74,81
52,03
0
0
74,81
52,03
0
0
74,81
52,03
0
0
74,81
52,03
0
0
74,81
52,03
0
0
74,81
52,03
0
0
74,81
52,03
0
0
74,81
52,03
0
0
74,81
52,03
0
0
74,81
52,03
0
0
74,81
52,03
0
0
74,81
52,03
0
0
74,81
52,03
0
0
74,81
52,03
0
0
74,81
52,03
0
0
74,81
52,03
0
0
74,81
52,03
0
0
74,81
52,03
0
0
74,81
52,03
0
0
74,81
52,03
0
0
74,81
52,03
0
0
74,81
52,03
0
0
74,81
52,03
0
0
74,81
52,03
0
0
74,81
52,03
0
0
74,81
52,03
0
0
74,81
52,03
0
0
74,81
52,03
0
0
74,81
52,03
0
0
74,81
52,03
0
0
74,81
52,03
0
0
74,81
52,03
0
0
74,81
52,03
0
0
74,81
52,03
0
0
74,81
52,03
0
0
74,81
52,03
0
0
74,81
52,03
0
0
74,81
52,03
0
0
74,82
52,03
0
0
74,82
52,03
0
0
74,82
52,03
0
0
74,82
52,03
0
0
74,82
52,03
0
0
74,82
52,03
0
0
74,82
52,03
0
0
74,82
52,03
0
0
74,82
52,03
0
0
74,82
52,03
0
0
74,82
52,03
0
0
74,82
52,03
0
0
74,82
52,03
0
0
74,82
52,03
0
0
74,82
52,03
0
0
74,82
52,03
0
0
74,82
52,02
0
0
74,82
52,02
0
0
74,82
52,02
0
0
74,82
52,02
0
0
74,82
52,02
0
0
74,82
52,02
0
0
74,82
52,02
0
0
74,82
52,02
0
0
74,82
52,02
0
0
74,82
52,02
0
0
74,82
52,02
0
0
74,82
52,02
0
0
74,82
52,02
0
0
74,82
52,02
0
0
74,82
52,02
0
0
74,82
52,02
0
0
74,82
52,02
0
0
74,82
52,02
0
0
74,82
52,02
0
0
74,82
52,02
0
0
74,82
52,02
0
0
74,82
52,02
0
0
74,82
52,02
0
0
74,82
52,02
0
0
74,82
52,02
0
0
74,82
52,02
0
0
74,82
52,02
0
0
74,82
52,02
0
0
74,82
52,02
0
0
74,82
52,02
0
0
74,82
52,02
0
0
74,82
52,02
0
0
74,82
52,02
0
0
74,82
52,02
0
0
74,82
52,02
0
0
74,82
52,02
0
0
74,82
52,02
0
0
74,82
52,02
0
0
74,82
52,02
0
0
74,82
52,02
0
0
74,82
52,02
0
0
74,82
52,02
0
0
74,82
52,02
0
0
74,82
52,02
0
0
74,82
52,02
0
0
74,82
52,02
0
0
74,82
52,02
0
0
74,82
52,02
0
0
74,82
52,02
0
0
74,82
52,02
0
0
74,82
52,02
0
0
74,82
52,02
0
0
74,82
52,02
0
0
74,82
52,02
0
0
74,82
52,02
0
0
74,82
52,02
0
0
74,82
52,02
0
0
74,82
52,02
0
0
74,82
52,02
0
0
74,82
52,02
0
0
74,82
52,02
0
0
74,82
52,02
0
0
74,82
52,02
0
0
74,82
52,02
0
0
74,82
52,02
0
0
74,82
52,02
0
0
74,82
52,02
0
0
74,82
52,02
0
0
74,82
52,02
0
0
74,82
52,02
0
0
74,82
52,02
0
0
74,82
52,02
0
0
74,82
52,02
0
0
74,82
52,02
0
0
74,82
52,02
0
0
74,82
52,02
0
0
74,82
52,02
0
0
74,82
52,02
0
0
74,82
52,02
0
0
74,82
52,02
0
0
74,82
52,02
0
0
74,83
52,02
0
0
74,83
52,02
0
0
74,83
52,02
0
0
74,83
52,02
0
0
74,83
52,02
0
0
74,83
52,02
0
0
74,83
52,02
0
0
74,83
52,02
0
0
74,83
52,02
0
0
74,83
52,02
0
0
74,83
52,02
0
0
74,83
52,02
0
0
74,83
52,02
0
0
74,83
52,02
0
0
74,83
52,02
0
0
74,83
52,02
0
0
74,83
52,02
0
0
74,83
52,02
0
0
74,83
52,02
0
0
74,83
52,02
0
0
74,83
52,02
0
0
74,83
52,02
0
0
74,83
52,02
0
0
74,83
52,02
0
0
74,83
52,02
0
0
74,83
52,02
0
0
74,83
52,02
0
0
74,83
52,02
0
0
74,83
52,02
0
0
74,83
52,02
0
0
74,83
52,02
0
0
74,83
52,02
0
0
74,83
52,02
0
0
74,83
52,02
0
0
74,83
52,02
0
0
74,83
52,02
0
0
74,83
52,02
0
0
74,83
52,02
0
0
74,83
52,02
0
0
74,83
52,02
0
0
74,83
52,02
0
0
74,83
52,02
0
0
74,83
52,02
0
0
74,83
52,02
0
0
74,83
52,02
0
0
74,83
52,02
0
0
74,83
52,02
0
0
74,83
52,02
0
0
74,83
52,02
0
0
74,83
52,02
0
0
74,83
52,02
0
0
74,83
52,02
0
0
74,83
52,02
0
0
74,83
52,02
0
0
74,83
52,02
0
0
74,83
52,02
0
0
74,83
52,02
0
0
74,83
52,02
0
0
74,83
52,02
0
0
74,83
52,02
0
0
74,83
52,02
0
0
74,83
52,02
0
0
74,83
52,02
0
0
74,83
52,02
0
0
74,83
52,02
0
0
74,83
52,02
0
0
74,83
52,02
0
0
74,83
52,02
0
0
74,83
52,02
0
0
74,83
52,02
0
0
74,83
52,02
0
0
74,83
52,02
0
0
74,83
52,02
0
0
74,83
52,02
0
0
74,83
52,02
0
0
74,83
52,02
0
0
74,83
52,02
0
0
74,83
52,02
0
0
74,83
52,02
0
0
74,83
52,02
0
0
74,83
52,02
0
0
74,83
52,02
0
0
74,83
52,02
0
0
74,83
52,02
0
0
74,83
52,02
0
0
74,83
52,02
0
0
74,83
52,02
0
0
74,83
52,02
0
0
74,83
52,02
0
0
74,83
52,02
0
0
74,83
52,02
0
0
74,83
52,02
0
0
74,83
52,02
0
0
74,83
52,02
0
0
74,83
52,02
0
0
74,83
52,02
0
0
74,83
52,02
0
0
74,83
52,02
0
0
74,83
52,02
0
0
74,83
52,02
0
0
74,83
52,02
0
0
74,83
52,02
0
0
74,83
52,02
0
0
74,83
52,02
0
0
74,83
52,02
0
0
74,83
52,02
0
0
74,83
52,02
0
0
74,83
52,02
0
0
74,83
52,02
0
0
74,83
52,02
0
0
74,83
52,02
0
0
74,83
52,02
0
0
74,83
52,02
0
0
74,83
52,02
0
0
74,83
52,02
0
0
74,83
52,02
0
0
74,83
52,02
0
0
74,83
52,02
0
0
74,83
52,02
0
0
74,83
52,02
0
0
74,83
52,02
0
0
74,83
52,02
0
0
74,83
52,02
0
0
74,83
52,02
0
0
74,83
52,02
0
0
74,83
52,02
0
0
74,83
52,02
0
0
74,83
52,02
0
0
74,83
52,02
0
0
74,83
52,02
0
0
74,83
52,02
0
0
74,83
52,02
0
0
74,83
52,02
0
0
74,83
52,02
0
0
74,83
52,02
0
0
74,83
52,02
0
0
74,83
52,02
0
0
74,83
52,02
0
0
74,83
52,02
0
0
74,83
52,02
0
0
74,83
52,02
0
0
74,83
52,02
0
0
74,83
52,02
0
0
74,83
52,02
0
0
74,83
52,02
0
0
74,83
52,02
0
0
74,83
52,02
0
0
74,83
52,02
0
0
74,83
52,02
0
0
74,83
52,02
0
0
74,83
52,02
0
0
74,83
52,02
0
0
74,83
52,02
0
0
74,83
52,02
0
0
74,83
52,02
0
0
74,83
52,02
0
0
74,83
52,02
0
0
74,83
52,02
0
0
74,83
52,02
0
0
74,83
52,02
0
0
74,83
52,02
0
0
74,83
52,02
0
0
74,83
52,02
0
0
74,83
52,02
0
0
74,83
52,02
0
0
74,83
52,02
0
0
74,83
52,02
0
0
74,83
52,02
0
0
74,83
52,02
0
0
74,83
52,02
0
0
74,83
52,02
0
0
74,83
52,02
0
0
74,83
52,02
0
0
74,83
52,02
0
0
74,83
52,02
0
0
74,83
52,02
0
0
74,83
52,02
0
0
74,83
52,02
0
0
74,83
52,02
0
0
74,83
52,02
0
0
74,83
52,02
0
0
74,83
52,02
0
0
74,83
52,02
0
0
74,83
52,02
0
0
74,83
52,02
0
0
74,83
52,02
0
0
74,83
52,02
0
0
74,83
52,02
0
0
74,83
52,02
0
0
74,83
52,02
0
0
74,83
52,02
0
0
74,83
52,02
0
0
74,83
52,02
0
0
74,83
52,02
0
0
74,83
52,02
0
0
74,83
52,02
0
0
74,83
52,02
0
0
74,83
52,02
0
0
74,83
52,02
0
0
74,83
52,02
0
0
74,83
52,02
0
0
74,83
52,02
0
0
74,83
52,02
0
0
74,83
52,02
0
0
74,83
52,02
0
0
74,83
52,02
0
0
74,83
52,02
0
0
74,83
52,02
0
0
74,83
52,02
0
0
74,83
52,02
0
0
74,83
52,02
0
0
74,83
52,02
0
0
74,83
52,02
0
0
74,83
52,02
0
0
74,83
52,02
0
0
74,83
52,02
0
0
74,83
52,02
0
0
74,83
52,02
0
0
74,83
52,02
0
0
74,83
52,02
0
0
74,83
52,02
0
0
74,83
52,02
0
0
74,83
52,02
0
0
74,83
52,02
0
0
74,83
52,02
0
0
74,83
52,02
0
0
74,83
52,02
0
0
74,83
52,02
0
0
74,83
52,02
0
0
74,83
52,02
0
0
74,83
52,02
0
0
74,83
52,02
0
0
74,83
52,02
0
0
74,83
52,02
0
0
74,83
52,02
0
0
74,83
52,02
0
0
74,83
52,02
0
0
74,83
52,02
0
0
74,83
52,02
0
0
74,83
52,02
0
0
74,83
52,02
0
0
74,83
52,02
0
0
74,83
52,02
0
0
74,83
52,02
0
0
74,83
52,02
0
0
74,83
52,02
0
0
74,83
52,02
0
0
74,83
52,02
0
0
74,83
52,02
0
0
74,83
52,02
0
0
74,83
52,02
0
0
74,83
52,02
0
0
74,83
52,02
0
0
74,83
52,02
0
0
74,83
52,02
0
0
74,83
52,02
0
0
74,83
52,02
0
0
74,83
52,02
0
0
74,83
52,02
0
0
74,83
52,02
0
0
74,83
52,02
0
0
74,83
52,02
0
0
74,83
52,02
0
0
74,83
52,02
0
0
74,83
52,02
0
0
74,83
52,02
0
0
74,83
52,02
0
0
74,83
52,02
0
0
74,83
52,02
0
0
74,83
52,02
0
0
74,83
52,02
0
0
74,83
52,02
0
0
74,83
52,02
0
0
74,83
52,02
0
0
74,83
52,02
0
0
74,83
52,02
0
0
74,83
52,02
0
0
74,83
52,02
0
0
74,83
52,02
0
0
74,83
52,02
0
0
74,83
52,02
0
0
74,83
52,02
0
0
74,83
52,02
0
0
74,83
52,02
0
0
74,83
52,02
0
0
74,83
52,02
0
0
74,83
52,02
0
0
74,83
52,02
0
0
74,83
52,02
0
0
74,83
52,02
0
0
74,83
52,02
0
0
74,83
52,02
0
0
74,83
52,02
0
0
74,83
52,02
0
0
74,83
52,02
0
0
74,83
52,02
0
0
74,83
52,02
0
0
74,83
52,02
0
0
74,83
52,02
0
0
74,83
52,02
0
0
74,83
52,02
0
0
74,83
52,02
0
0
74,83
52,02
0
0
74,83
52,02
0
0
74,83
52,02
0
0
74,83
52,02
0
0
74,83
52,02
0
0
74,83
52,02
0
0
74,83
52,02
0
0
74,83
52,02
0
0
74,83
52,02
0
0
74,83
52,02
0
0
74,83
52,02
0
0
74,83
52,02
0
0
74,83
52,02
0
0
74,83
52,02
0
0
74,83
52,02
0
0
74,83
52,02
0
0
74,83
52,02
0
0
74,83
52,02
0
0
74,83
52,02
0
0
74,83
52,02
0
0
74,83
52,02
0
0
74,83
52,02
0
0
74,83
52,02
0
0
74,83
52,02
0
0
74,83
52,02
0
0
74,83
52,02
0
0
74,83
52,02
0
0
74,83
52,02
0
0
74,83
52,02
0
0
74,83
52,02
0
0
74,83
52,02
0
0
74,83
52,02
0
0
74,83
52,02
0
0
74,83
52,02
0
0
74,83
52,02
0
0
74,83
52,02
0
0
74,83
52,02
0
0
74,83
52,02
0
0
74,83
52,02
0
0
74,83
52,02
0
0
74,83
52,02
0
0
74,83
52,02
0
0
74,83
52,02
0
0
74,83
52,02
0
0
74,83
52,02
0
0
74,83
52,02
0
0
74,83
52,02
0
0
74,83
52,02
0
0
74,83
52,02
0
0
74,83
52,02
0
0
74,83
52,02
0
0
74,83
52,02
0
0
74,83
52,02
0
0
74,83
52,02
0
0
74,83
52,02
0
0
74,83
52,02
0
0
74,83
52,02
0
0
74,83
52,02
0
0
74,83
52,02
0
0
74,83
52,02
0
0
74,83
52,02
0
0
74,83
52,02
0
0
74,83
52,02
0
0
74,83
52,02
0
0
74,83
52,02
0
0
74,83
52,02
0
0
74,83
52,02
0
0
74,83
52,02
0
0
74,83
52,02
0
0
74,83
52,02
0
0
74,83
52,02
0
0
74,83
52,02
0
0
74,83
52,02
0
0
74,83
52,02
0
0
74,83
52,02
0
0
74,83
52,02
0
0
74,83
52,02
0
0
74,83
52,02
0
0
74,83
52,02
0
0
74,83
52,02
0
0
74,83
52,02
0
0
74,83
52,02
0
0
74,83
52,02
0
0
74,83
52,02
0
0
74,83
52,02
0
0
74,83
52,02
0
0
74,83
52,02
0
0
74,83
52,02
0
0
74,83
52,02
0
0
74,83
52,02
0
0
74,83
52,02
0
0
74,83
52,02
0
0
74,83
52,02
0
0
74,83
52,02
0
0
74,83
52,02
0
0
74,83
52,02
0
0
74,83
52,02
0
0
74,83
52,02
0
0
74,83
52,02
0
0
74,83
52,02
0
0
74,83
52,02
0
0
74,83
52,02
0
0
74,83
52,02
0
0
74,83
52,02
0
0
74,83
52,02
0
0
74,83
52,02
0
0
74,83
52,02
0
0
74,83
52,02
0
0
74,83
52,02
0
0
74,83
52,02
0
0
74,83
52,02
0
0
74,83
52,02
0
0
74,83
52,02
0
0
74,83
52,02
0
0
74,83
52,02
0
0
74,83
52,02
0
0
74,83
52,02
0
0
74,83
52,02
0
0
74,83
52,02
0
0
74,83
52,02
0
0
74,83
52,02
0
0
74,83
52,02
0
0
74,83
52,02
0
0
74,83
52,02
0
0
74,83
52,02
0
0
74,83
52,02
0
0
74,83
52,02
0
0
74,83
52,02
0
0
74,83
52,02
0
0
74,83
52,02
0
0
74,83
52,02
0
0
74,83
52,02
0
0
74,83
52,02
0
0
74,83
52,02
0
0
74,83
52,02
0
0
74,83
52,02
0
0
74,83
52,02
0
0
74,83
52,02
0
0
74,83
52,02
0
0
74,83
52,02
0
0
74,83
52,02
0
0
74,83
52,02
0
0
74,83
52,02
0
0
74,83
52,02
0
0
74,83
52,02
0
0
74,83
52,02
0
0
74,83
52,02
0
0
74,83
52,02
0
0
74,83
52,02
0
0
74,83
52,02
0
0
74,83
52,02
0
0
74,83
52,02
0
0
74,83
52,02
0
0
74,83
52,02
0
0
74,83
52,02
0
0
74,83
52,02
0
0
74,83
52,02
0
0
74,83
52,02
0
0
74,83
52,02
0
0
74,83
52,02
0
0
74,83
52,02
0
0
74,83
52,02
0
0
74,83
52,02
0
0
74,83
52,02
0
0
74,83
52,02
0
0
74,83
52,02
0
0
74,83
52,02
0
0
74,83
52,02
0
0
74,83
52,02
0
0
74,83
52,02
0
0
74,83
52,02
0
0
74,83
52,02
0
0
74,83
52,02
0
0
74,83
52,02
0
0
74,83
52,02
0
0
74,83
52,02
0
0
74,83
52,02
0
0
74,83
52,02
0
0
74,83
52,02
0
0
74,83
52,02
0
0
74,83
52,02
0
0
74,83
52,02
0
0
74,83
52,02
0
0
74,83
52,02
0
0
74,83
52,02
0
0
74,83
52,02
0
0
74,83
52,02
0
0
74,83
52,02
0
0
74,83
52,02
0
0
74,83
52,02
0
0
74,83
52,02
0
0
74,83
52,02
0
0
74,83
52,02
0
0
74,83
52,02
0
0
74,83
52,02
0
0
74,83
52,02
0
0
74,83
52,02
0
0
74,83
52,02
0
0
74,83
52,02
0
0
74,83
52,02
0
0
74,83
52,02
0
0
74,83
52,02
0
0
74,83
52,02
0
0
74,83
52,02
0
0
74,83
52,02
0
0
74,83
52,02
0
0
74,83
52,02
0
0
74,83
52,02
0
0
74,83
52,02
0
0
74,83
52,02
0
0
74,83
52,02
0
0
74,83
52,02
0
0
74,83
52,02
0
0
74,83
52,02
0
0
74,83
52,02
0
0
74,83
52,02
0
0
74,83
52,02
0
0
74,83
52,02
0
0
74,83
52,02
0
0
74,83
52,02
0
0
74,83
52,02
0
0
74,83
52,02
0
0
74,83
52,02
0
0
74,83
52,02
0
0
74,83
52,02
0
0
74,83
52,02
0
0
74,83
52,02
0
0
74,83
52,02
0
0
74,83
52,02
0
0
74,83
52,02
0
0
74,83
52,02
0
0
74,83
52,02
0
0
74,83
52,02
0
0
74,83
52,02
0
0
74,83
52,02
0
0
74,83
52,02
0
0
74,83
52,02
0
0
74,83
52,02
0
0
74,83
52,02
0
0
74,83
52,02
0
0
74,83
52,02
0
0
74,83
52,02
0
0
74,83
52,02
0
0
74,83
52,02
0
0
74,83
52,02
0
0
74,83
52,02
0
0
74,83
52,02
0
0
74,83
52,02
0
0
74,83
52,02
0
0
74,83
52,02
0
0
74,83
52,02
0
0
74,83
52,02
0
0
74,83
52,02
0
0
74,83
52,02
0
0
74,83
52,02
0
0
74,83
52,02
0
0
74,83
52,02
0
0
74,83
52,02
0
0
74,83
52,02
0
0
74,83
52,02
0
0
74,83
52,02
0
0
74,83
52,02
0
0
74,83
52,02
0
0
74,83
52,02
0
0
74,83
52,02
0
0
74,83
52,02
0
0
74,83
52,02
0
0
74,83
52,02
0
0
74,83
52,02
0
0
74,83
52,02
0
0
74,83
52,02
0
0
74,83
52,02
0
0
74,83
52,02
0
0
74,83
52,02
0
0
74,83
52,02
0
0
74,83
52,02
0
0
74,83
52,02
0
0
74,83
52,02
0
0
74,83
52,02
0
0
74,83
52,02
0
0
74,83
52,02
0
0
74,83
52,02
0
0
74,83
52,02
0
0
74,83
52,02
0
0
74,83
52,02
0
0
74,83
52,02
0
0
74,83
52,02
0
0
74,83
52,02
0
0
74,83
52,02
0
0
74,83
52,02
0
0
74,83
52,02
0
0
74,83
52,02
0
0
74,83
52,02
0
0
74,83
52,02
0
0
74,83
52,02
0
0
74,83
52,02
0
0
74,83
52,02
0
0
74,83
52,02
0
0
74,83
52,02
0
0
74,83
52,02
0
0
74,83
52,02
0
0
74,83
52,02
0
0
74,83
52,02
0
0
74,83
52,02
0
0
74,83
52,02
0
0
74,83
52,02
0
0
74,83
52,02
0
0
74,83
52,02
0
0
74,83
52,02
0
0
74,83
52,02
0
0
74,83
52,02
0
0
74,83
52,02
0
0
74,83
52,02
0
0
74,83
52,02
0
0
74,83
52,02
0
0
74,83
52,02
0
0
74,83
52,02
0
0
74,83
52,02
0
0
74,83
52,02
0
0
74,83
52,02
0
0
74,83
52,02
0
0
74,83
52,02
0
0
74,83
52,02
0
0
74,83
52,02
0
0
74,83
52,02
0
0
74,83
52,02
0
0
74,83
52,02
0
0
74,83
52,02
0
0
74,83
52,02
0
0
74,83
52,02
0
0
74,83
52,02
0
0
74,83
52,02
0
0
74,83
52,02
0
0
74,83
52,02
0
0
74,83
52,02
0
0
74,83
52,02
0
0
74,83
52,02
0
0
74,83
52,02
0
0
74,83
52,02
0
0
74,83
52,02
0
0
74,83
52,02
0
0
74,83
52,02
0
0
74,83
52,02
0
0
74,83
52,02
0
0
74,83
52,02
0
0
74,83
52,02
0
0
74,83
52,02
0
0
74,83
52,02
0
0
74,83
52,02
0
0
74,83
52,02
0
0
74,83
52,02
0
0
74,83
52,02
0
0
74,83
52,02
0
0
74,83
52,02
0
0
74,83
52,02
0
0
74,83
52,02
0
0
74,83
52,02
0
0
74,83
52,02
0
0
74,83
52,02
0
0
74,83
52,02
0
0
74,83
52,02
0
0
74,83
52,02
0
0
74,83
52,02
0
0
74,83
52,02
0
0
74,83
52,02
0
0
74,83
52,02
0
0
74,83
52,02
0
0
74,83
52,02
0
0
74,83
52,02
0
0
74,83
52,02
0
0
74,83
52,02
0
0
74,83
52,02
0
0
74,83
52,02
0
0
74,83
52,02
0
0
74,83
52,02
0
0
74,83
52,02
0
0
74,83
52,02
0
0
74,83
52,02
0
0
74,83
52,02
0
0
74,83
52,02
0
0
74,83
52,02
0
0
74,83
52,02
0
0
74,83
52,02
0
0
74,83
52,02
0
0
74,83
52,02
0
0
74,83
52,02
0
0
74,83
52,02
0
0
74,83
52,02
0
0
74,83
52,02
0
0
74,83
52,02
0
0
74,83
52,02
0
0
74,83
52,02
0
0
74,83
52,02
0
0
74,83
52,02
0
0
74,83
52,02
0
0
74,83
52,02
0
0
74,83
52,02
0
0
74,83
52,02
0
0
74,83
52,02
0
0
74,83
52,02
0
0
74,83
52,02
0
0
74,83
52,02
0
0
74,83
52,02
0
0
74,83
52,02
0
0
74,83
52,02
0
0
74,83
52,02
0
0
74,83
52,02
0
0
74,83
52,02
0
0
74,83
52,02
0
0
74,83
52,02
0
0
74,83
52,02
0
0
74,83
52,02
0
0
74,83
52,02
0
0
74,83
52,02
0
0
74,83
52,02
0
0
74,83
52,02
0
0
74,83
52,02
0
0
74,83
52,02
0
0
74,83
52,02
0
0
74,83
52,02
0
0
74,83
52,02
0
0
74,83
52,02
0
0
74,83
52,02
0
0
74,83
52,02
0
0
74,83
52,02
0
0
74,83
52,02
0
0
74,83
52,02
0
0
74,83
52,02
0
0
74,83
52,02
0
0
74,83
52,02
0
0
74,83
52,02
0
0
74,83
52,02
0
0
74,83
52,02
0
0
74,83
52,02
0
0
74,83
52,02
0
0
74,83
52,02
0
0
74,83
52,02
0
0
74,83
52,02
0
0
74,83
52,02
0
0
74,83
52,02
0
0
74,83
52,02
0
0
74,83
52,02
0
0
74,83
52,02
0
0
74,83
52,02
0
0
74,83
52,02
0
0
74,83
52,02
0
0
74,83
52,02
0
0
74,83
52,02
0
0
74,83
52,02
0
0
74,83
52,02
0
0
74,83
52,02
0
0
74,83
52,02
0
0
74,83
52,02
0
0
74,83
52,02
0
0
74,83
52,02
0
0
74,83
52,02
0
0
74,83
52,02
0
0
74,83
52,02
0
0
74,83
52,02
0
0
74,83
52,02
0
0
74,83
52,02
0
0
74,83
52,02
0
0
74,83
52,02
0
0
74,83
52,02
0
0
74,83
52,02
0
0
74,83
52,02
0
0
74,83
52,02
0
0
74,83
52,02
0
0
74,83
52,02
0
0
74,83
52,02
0
0
74,83
52,02
0
0
74,83
52,02
0
0
74,83
52,02
0
0
74,83
52,02
0
0
74,83
52,02
0
0
74,83
52,02
0
0
74,83
52,02
0
0
74,83
52,02
0
0
74,83
52,02
0
0
74,83
52,02
0
0
74,83
52,02
0
0
74,83
52,02
0
0
74,83
52,02
0
0
74,83
52,02
0
0
74,83
52,02
0
0
74,83
52,02
0
0
74,83
52,02
0
0
74,83
52,02
0
0
74,83
52,02
0
0
74,83
52,02
0
0
74,83
52,02
0
0
74,83
52,02
0
0
74,83
52,02
0
0
74,83
52,02
0
0
74,83
52,02
0
0
74,83
52,02
0
0
74,83
52,02
0
0
74,83
52,02
0
0
74,83
52,02
0
0
74,83
52,02
0
0
74,83
52,02
0
0
74,83
52,02
0
0
74,83
52,02
0
0
74,83
52,02
0
0
74,83
52,02
0
0
74,83
52,02
0
0
74,83
52,02
0
0
74,83
52,02
0
0
74,83
52,02
0
0
74,83
52,02
0
0
74,83
52,02
0
0
74,83
52,02
0
0
74,83
52,02
0
0
74,83
52,02
0
0
74,83
52,02
0
0
74,83
52,02
0
0
74,83
52,02
0
0
74,83
52,02
0
0
74,83
52,02
0
0
74,83
52,02
0
0
74,83
52,02
0
0
74,83
52,02
0
0
74,83
52,02
0
0
74,83
52,02
0
0
74,83
52,02
0
0
74,83
52,02
0
0
74,83
52,02
0
0
74,83
52,02
0
0
74,83
52,02
0
0
74,83
52,02
0
0
74,83
52,02
0
0
74,83
52,02
0
0
74,83
52,02
0
0
74,83
52,02
0
0
74,83
52,02
0
0
74,83
52,02
0
0
74,83
52,02
0
0
74,83
52,02
0
0
74,83
52,02
0
0
74,83
52,02
0
0
74,83
52,02
0
0
74,83
52,02
0
0
74,83
52,02
0
0
74,83
52,02
0
0
74,83
52,02
0
0
74,83
52,02
0
0
74,83
52,02
0
0
74,83
52,02
0
0
74,83
52,02
0
0
74,83
52,02
0
0
74,83
52,02
0
0
74,83
52,02
0
0
74,83
52,02
0
0
74,83
52,02
0
0
74,83
52,02
0
0
74,83
52,02
0
0
74,83
52,02
0
0
74,83
52,02
0
0
74,83
52,02
0
0
74,83
52,02
0
0
74,83
52,02
0
0
74,83
52,02
0
0
74,83
52,02
0
0
74,83
52,02
0
0
74,83
52,02
0
0
74,83
52,02
0
0
74,83
52,02
0
0
74,83
52,02
0
0
74,83
52,02
0
0
74,83
52,02
0
0
74,83
52,02
0
0
74,83
52,02
0
0
74,83
52,02
0
0
74,83
52,02
0
0
74,83
52,02
0
0
74,83
52,02
0
0
74,83
52,02
0
0
74,83
52,02
0
0
74,83
52,02
0
0
74,83
52,02
0
0
74,83
52,02
0
0
74,83
52,02
0
0
74,83
52,02
0
0
74,83
52,02
0
0
74,83
52,02
0
0
74,83
52,02
0
0
74,83
52,02
0
0
74,83
52,02
0
0
74,83
52,02
0
0
74,83
52,02
0
0
74,83
52,02
0
0
74,83
52,02
0
0
74,83
52,02
0
0
74,83
52,02
0
0
74,83
52,02
0
0
74,83
52,02
0
0
74,83
52,02
0
0
74,83
52,02
0
0
74,83
52,02
0
0
74,83
52,02
0
0
74,83
52,02
0
0
74,83
52,02
0
0
74,83
52,02
0
0
74,83
52,02
0
0
74,83
52,02
0
0
74,83
52,02
0
0
74,83
52,02
0
0
74,83
52,02
0
0
74,83
52,02
0
0
74,83
52,02
0
0
74,83
52,02
0
0
74,83
52,02
0
0
74,83
52,02
0
0
74,83
52,02
0
0
74,83
52,02
0
0
74,83
52,02
0
0
74,83
52,02
0
0
74,83
52,02
0
0
74,83
52,02
0
0
74,83
52,02
0
0
74,83
52,02
0
0
74,83
52,02
0
0
74,83
52,02
0
0
74,83
52,02
0
0
74,83
52,02
0
0
74,83
52,02
0
0
74,83
52,02
0
0
74,83
52,02
0
0
74,83
52,02
0
0
74,83
52,02
0
0
74,83
52,02
0
0
74,83
52,02
0
0
74,83
52,02
0
0
74,83
52,02
0
0
74,83
52,02
0
0
74,83
52,02
0
0
74,83
52,02
0
0
74,83
52,02
0
0
74,83
52,02
0
0
74,83
52,02
0
0
74,83
52,02
0
0
74,83
52,02
0
0
74,83
52,02
0
0
74,83
52,02
0
0
74,83
52,02
0
0
74,83
52,02
0
0
74,83
52,02
0
0
74,83
52,02
0
0
74,83
52,02
0
0
74,83
52,02
0
0
74,83
52,02
0
0
74,83
52,02
0
0
74,83
52,02
0
0
74,83
52,02
0
0
74,83
52,02
0
0
74,83
52,02
0
0
74,83
52,02
0
0
74,83
52,02
0
0
74,83
52,02
0
0
74,83
52,02
0
0
74,83
52,02
0
0
74,83
52,02
0
0
74,83
52,02
0
0
74,83
52,02
0
0
74,83
52,02
0
0
74,83
52,02
0
0
74,83
52,02
0
0
74,83
52,02
0
0
74,83
52,02
0
0
74,83
52,02
0
0
74,83
52,02
0
0
74,83
52,02
0
0
74,83
52,02
0
0
74,83
52,02
0
0
74,83
52,02
0
0
74,83
52,02
0
0
74,83
52,02
0
0
74,83
52,02
0
0
74,83
52,02
0
0
74,83
52,02
0
0
74,83
52,02
0
0
74,83
52,02
0
0
74,83
52,02
0
0
74,83
52,02
0
0
74,83
52,02
0
0
74,83
52,02
0
0
74,83
52,02
0
0
74,83
52,02
0
0
74,83
52,02
0
0
74,83
52,02
0
0
74,83
52,02
0
0
74,83
52,02
0
0
74,83
52,02
0
0
74,83
52,02
0
0
74,83
52,02
0
0
74,83
52,02
0
0
74,83
52,02
0
0
74,83
52,02
0
0
74,83
52,02
0
0
74,83
52,02
0
0
74,83
52,02
0
0
74,83
52,02
0
0
74,83
52,02
0
0
74,83
52,02
0
0
74,83
52,02
0
0
74,83
52,02
0
0
74,83
52,02
0
0
74,83
52,02
0
0
74,83
52,02
0
0
74,83
52,02
0
0
74,83
52,02
0
0
74,83
52,02
0
0
74,83
52,02
0
0
74,83
52,02
0
0
74,83
52,02
0
0
74,83
52,02
0
0
74,83
52,02
0
0
74,83
52,02
0
0
74,83
52,02
0
0
74,83
52,02
0
0
74,83
52,02
0
0
74,83
52,02
0
0
74,83
52,02
0
0
74,83
52,02
0
0
74,83
52,02
0
0
74,83
52,02
0
0
74,83
52,02
0
0
74,83
52,02
0
0
74,83
52,02
0
0
74,83
52,02
0
0
74,83
52,02
0
0
74,83
52,02
0
0
74,83
52,02
0
0
74,83
52,02
0
0
74,83
52,02
0
0
74,83
52,02
0
0
74,83
52,02
0
0
74,83
52,02
0
0
74,83
52,02
0
0
74,83
52,02
0
0
74,83
52,02
0
0
74,83
52,02
0
0
74,83
52,02
0
0
74,83
52,02
0
0
74,83
52,02
0
0
74,83
52,02
0
0
74,83
52,02
0
0
74,83
52,02
0
0
74,83
52,02
0
0
74,83
52,02
0
0
74,83
52,02
0
0
74,83
52,02
0
0
74,83
52,02
0
0
74,83
52,02
0
0
74,83
52,02
0
0
74,83
52,02
0
0
74,83
52,02
0
0
74,83
52,02
0
0
74,83
52,02
0
0
74,83
52,02
0
0
74,83
52,02
0
0
74,83
52,02
0
0
74,83
52,02
0
0
74,83
52,02
0
0
74,83
52,02
0
0
74,83
52,02
0
0
74,83
52,02
0
0
74,83
52,02
0
0
74,83
52,02
0
0
74,83
52,02
0
0
74,83
52,02
0
0
74,83
52,02
0
0
74,83
52,02
0
0
74,83
52,02
0
0
74,83
52,02
0
0
74,83
52,02
0
0
74,83
52,02
0
0
74,83
52,02
0
0
74,83
52,02
0
0
74,83
52,02
0
0
74,83
52,02
0
0
74,83
52,02
0
0
74,83
52,02
0
0
74,83
52,02
0
0
74,83
52,02
0
0
74,83
52,02
0
0
74,83
52,02
0
0
74,83
52,02
0
0
74,83
52,02
0
0
74,83
52,02
0
0
74,83
52,02
0
0
74,83
52,02
0
0
74,83
52,02
0
0
74,83
52,02
0
0
74,83
52,02
0
0
74,83
52,02
0
0
74,83
52,02
0
0
74,83
52,02
0
0
74,83
52,02
0
0
74,83
52,02
0
0
74,83
52,02
0
0
74,83
52,02
0
0
74,83
52,02
0
0
74,83
52,02
0
0
74,83
52,02
0
0
74,83
52,02
0
0
74,83
52,02
0
0
74,83
52,02
0
0
74,83
52,02
0
0
74,83
52,02
0
0
74,83
52,02
0
0
74,83
52,02
0
0
74,83
52,02
0
0
74,83
52,02
0
0
74,83
52,02
0
0
74,83
52,02
0
0
74,83
52,02
0
0
74,83
52,02
0
0
74,83
52,02
0
0
74,83
52,02
0
0
74,83
52,02
0
0
74,83
52,02
0
0
74,83
52,02
0
0
74,83
52,02
0
0
74,83
52,02
0
0
74,83
52,02
0
0
74,83
52,02
0
0
74,83
52,02
0
0
74,83
52,02
0
0
74,83
52,02
0
0
74,83
52,02
0
0
74,83
52,02
0
0
74,83
52,02
0
0
74,83
52,02
0
0
74,83
52,02
0
0
74,83
52,02
0
0
74,83
52,02
0
0
74,83
52,02
0
0
74,83
52,02
0
0
74,83
52,02
0
0
74,83
52,02
0
0
74,83
52,02
0
0
74,83
52,02
0
0
74,83
52,02
0
0
74,83
52,02
0
0
74,83
52,02
0
0
74,83
52,02
0
0
74,83
52,02
0
0
74,83
52,02
0
0
74,83
52,02
0
0
74,83
52,02
0
0
74,83
52,02
0
0
74,83
52,02
0
0
74,83
52,02
0
0
74,83
52,02
0
0
74,83
52,02
0
0
74,83
52,02
0
0
74,83
52,02
0
0
74,83
52,02
0
0
74,83
52,02
0
0
74,83
52,02
0
0
74,83
52,02
0
0
74,83
52,02
0
0
74,83
52,02
0
0
74,83
52,02
0
0
74,83
52,02
0
0
74,83
52,02
0
0
74,83
52,02
0
0
74,83
52,02
0
0
74,83
52,02
0
0
74,83
52,02
0
0
74,83
52,02
0
0
74,83
52,02
0
0
74,83
52,02
0
0
74,83
52,02
0
0
74,83
52,02
0
0
74,83
52,02
0
0
74,83
52,02
0
0
74,83
52,02
0
0
74,83
52,02
0
0
74,83
52,02
0
0
74,83
52,02
0
0
74,83
52,02
0
0
74,83
52,02
0
0
74,83
52,02
0
0
74,83
52,02
0
0
74,83
52,02
0
0
74,83
52,02
0
0
74,83
52,02
0
0
74,83
52,02
0
0
74,83
52,02
0
0
74,83
52,02
0
0
74,83
52,02
0
0
74,83
52,02
0
0
74,83
52,02
0
0
74,83
52,02
0
0
74,83
52,02
0
0
74,83
52,02
0
0
74,83
52,02
0
0
74,83
52,02
0
0
74,83
52,02
0
0
74,83
52,02
0
0
74,83
52,02
0
0
74,83
52,02
0
0
74,83
52,02
0
0
74,83
52,02
0
0
74,83
52,02
0
0
74,83
52,02
0
0
74,83
52,02
0
0
74,83
52,02
0
0
74,83
52,02
0
0
74,83
52,02
0
0
74,83
52,02
0
0
74,83
52,02
0
0
74,83
52,02
0
0
74,83
52,02
0
0
74,83
52,02
0
0
74,83
52,02
0
0
74,83
52,02
0
0
74,83
52,02
0
0
74,83
52,02
0
0
74,83
52,02
0
0
74,83
52,02
0
0
74,83
52,02
0
0
74,83
52,02
0
0
74,83
52,02
0
0
74,83
52,02
0
0
74,83
52,02
0
0
74,83
52,02
0
0
74,83
52,02
0
0
74,83
52,02
0
0
74,83
52,02
0
0
74,83
52,02
0
0
74,83
52,02
0
0
74,83
52,02
0
0
74,83
52,02
0
0
74,83
52,02
0
0
74,83
52,02
0
0
74,83
52,02
0
0
74,83
52,02
0
0
74,83
52,02
0
0
74,83
52,02
0
0
74,83
52,02
0
0
74,83
52,02
0
0
74,83
52,02
0
0
74,83
52,02
0
0
74,83
52,02
0
0
74,83
52,02
0
0
74,83
52,02
0
0
74,83
52,02
0
0
74,83
52,02
0
0
74,83
52,02
0
0
74,83
52,02
0
0
74,83
52,02
0
0
74,83
52,02
0
0
74,83
52,02
0
0
74,83
52,02
0
0
74,83
52,02
0
0
74,83
52,02
0
0
74,83
52,02
0
0
74,83
52,02
0
0
74,83
52,02
0
0
74,83
52,02
0
0
74,83
52,02
0
0
74,83
52,02
0
0
74,83
52,02
0
0
74,83
52,02
0
0
74,83
52,02
0
0
74,83
52,02
0
0
74,83
52,02
0
0
74,83
52,02
0
0
74,83
52,02
0
0
74,83
52,02
0
0
74,83
52,02
0
0
74,83
52,02
0
0
74,83
52,02
0
0
74,83
52,02
0
0
74,83
52,02
0
0
74,83
52,02
0
0
74,83
52,02
0
0
74,83
52,02
0
0
74,83
52,02
0
0
74,83
52,02
0
0
74,83
52,02
0
0
74,83
52,02
0
0
74,83
52,02
0
0
74,83
52,02
0
0
74,83
52,02
0
0
74,83
52,02
0
0
74,83
52,02
0
0
74,83
52,02
0
0
74,83
52,02
0
0
74,83
52,02
0
0
74,83
52,02
0
0
74,83
52,02
0
0
74,83
52,02
0
0
74,83
52,02
0
0
74,83
52,02
0
0
74,83
52,02
0
0
74,83
52,02
0
0
74,83
52,02
0
0
74,83
52,02
0
0
74,83
52,02
0
0
74,83
52,02
0
0
74,83
52,02
0
0
74,83
52,02
0
0
74,83
52,02
0
0
74,83
52,02
0
0
74,83
52,02
0
0
74,83
52,02
0
0
74,83
52,02
0
0
74,83
52,02
0
0
74,83
52,02
0
0
74,83
52,02
0
0
74,83
52,02
0
0
74,83
52,02
0
0
74,83
52,02
0
0
74,83
52,02
0
0
74,83
52,02
0
0
74,83
52,02
0
0
74,83
52,02
0
0
74,83
52,02
0
0
74,83
52,02
0
0
74,83
52,02
0
0
74,83
52,02
0
0
74,83
52,02
0
0
74,83
52,02
0
0
74,83
52,02
0
0
74,83
52,02
0
0
74,83
52,02
0
0
74,83
52,02
0
0
74,83
52,02
0
0
74,83
52,02
0
0
74,83
52,02
0
0
74,83
52,02
0
0
74,83
52,02
0
0
74,83
52,02
0
0
74,83
52,02
0
0
74,83
52,02
0
0
74,83
52,02
0
0
74,83
52,02
0
0
74,83
52,02
0
0
74,83
52,02
0
0
74,83
52,02
0
0
74,83
52,02
0
0
74,83
52,02
0
0
74,83
52,02
0
0
74,83
52,02
0
0
74,83
52,02
0
0
74,83
52,02
0
0
74,83
52,02
0
0
74,83
52,02
0
0
74,83
52,02
0
0
74,83
52,02
0
0
74,83
52,02
0
0
74,83
52,02
0
0
74,83
52,02
0
0
74,83
52,02
0
0
74,83
52,02
0
0
74,83
52,02
0
0
74,83
52,02
0
0
74,83
52,02
0
0
74,83
52,02
0
0
74,83
52,02
0
0
74,83
52,02
0
0
74,83
52,02
0
0
74,83
52,02
0
0
74,83
52,02
0
0
74,83
52,02
0
0
74,83
52,02
0
0
74,83
52,02
0
0
74,83
52,02
0
0
74,83
52,02
0
0
74,83
52,02
0
0
74,83
52,02
0
0
74,83
52,02
0
0
74,83
52,02
0
0
74,83
52,02
0
0
74,83
52,02
0
0
74,83
52,02
0
0
74,83
52,02
0
0
74,83
52,02
0
0
74,83
52,02
0
0
74,83
52,02
0
0
74,83
52,02
0
0
74,83
52,02
0
0
74,83
52,02
0
0
74,83
52,02
0
0
74,83
52,02
0
0
74,83
52,02
0
0
74,83
52,02
0
0
74,83
52,02
0
0
74,83
52,02
0
0
74,83
52,02
0
0
74,83
52,02
0
0
74,83
52,02
0
0
74,83
52,02
0
0
74,83
52,02
0
0
74,83
52,02
0
0
74,83
52,02
0
0
74,83
52,02
0
0
74,83
52,02
0
0
74,83
52,02
0
0
74,83
52,02
0
0
74,83
52,02
0
0
74,83
52,02
0
0
74,83
52,02
0
0
74,83
52,02
0
0
74,83
52,02
0
0
74,83
52,02
0
0
74,83
52,02
0
0
74,83
52,02
0
0
74,83
52,02
0
0
74,83
52,02
0
0
74,83
52,02
0
0
74,83
52,02
0
0
74,83
52,02
0
0
74,83
52,02
0
0
74,83
52,02
0
0
74,83
52,02
0
0
74,83
52,02
0
0
74,83
52,02
0
0
74,83
52,02
0
0
74,83
52,02
0
0
74,83
52,02
0
0
74,83
52,02
0
0
74,83
52,02
0
0
74,83
52,02
0
0
74,83
52,02
0
0
74,83
52,02
0
0
74,83
52,02
0
0
74,83
52,02
0
0
74,83
52,02
0
0
74,83
52,02
0
0
74,83
52,02
0
0
74,83
52,02
0
0
74,83
52,02
0
0
74,83
52,02
0
0
74,83
52,02
0
0
74,83
52,02
0
0
74,83
52,02
0
0
74,83
52,02
0
0
74,83
52,02
0
0
74,83
52,02
0
0
74,83
52,02
0
0
74,83
52,02
0
0
74,83
52,02
0
0
74,83
52,02
0
0
74,83
52,02
0
0
74,83
52,02
0
0
74,83
52,02
0
0
74,83
52,02
0
0
74,83
52,02
0
0
74,83
52,02
0
0
74,83
52,02
0
0
74,83
52,02
0
0
74,83
52,02
0
0
74,83
52,02
0
0
74,83
52,02
0
0
74,83
52,02
0
0
74,83
52,02
0
0
74,83
52,02
0
0
74,83
52,02
0
0
74,83
52,02
0
0
74,83
52,02
0
0
74,83
52,02
0
0
74,83
52,02
0
0
74,83
52,02
0
0
74,83
52,02
0
0
74,83
52,02
0
0
74,83
52,02
0
0
74,83
52,02
0
0
74,83
52,02
0
0
74,83
52,02
0
0
74,83
52,02
0
0
74,83
52,02
0
0
74,83
52,02
0
0
74,83
52,02
0
0
74,83
52,02
0
0
74,83
52,02
0
0
74,83
52,02
0
0
74,83
52,02
0
0
74,83
52,02
0
0
74,83
52,02
0
0
74,83
52,02
0
0
74,83
52,02
0
0
74,83
52,02
0
0
74,83
52,02
0
0
74,83
52,02
0
0
74,83
52,02
0
0
74,83
52,02
0
0
74,83
52,02
0
0
74,83
52,02
0
0
74,83
52,02
0
0
74,83
52,02
0
0
74,83
52,02
0
0
74,83
52,02
0
0
74,83
52,02
0
0
74,83
52,02
0
0
74,83
52,02
0
0
74,83
52,02
0
0
74,83
52,02
0
0
74,83
52,02
0
0
74,83
52,02
0
0
74,83
52,02
0
0
74,83
52,02
0
0
74,83
52,02
0
0
74,83
52,02
0
0
74,83
52,02
0
0
74,83
52,02
0
0
74,83
52,02
0
0
74,83
52,02
0
0
74,83
52,02
0
0
74,83
52,02
0
0
74,83
52,02
0
0
74,83
52,02
0
0
74,83
52,02
0
0
74,83
52,02
0
0
74,83
52,02
0
0
74,83
52,02
0
0
74,83
52,02
0
0
74,83
52,02
0
0
74,83
52,02
0
0
74,83
52,02
0
0
74,83
52,02
0
0
74,83
52,02
0
0
74,83
52,02
0
0
74,83
52,02
0
0
74,83
52,02
0
0
74,83
52,02
0
0
74,83
52,02
0
0
74,83
52,02
0
0
74,83
52,02
0
0
74,83
52,02
0
0
74,83
52,02
0
0
74,83
52,02
0
0
74,83
52,02
0
0
74,83
52,02
0
0
74,83
52,02
0
0
74,83
52,02
0
0
74,83
52,02
0
0
74,83
52,02
0
0
74,83
52,02
0
0
74,83
52,02
0
0
74,83
52,02
0
0
74,83
52,02
0
0
74,83
52,02
0
0
74,83
52,02
0
0
74,83
52,02
0
0
74,83
52,02
0
0
74,83
52,02
0
0
74,83
52,02
0
0
74,83
52,02
0
0
74,83
52,02
0
0
74,83
52,02
0
0
74,83
52,02
0
0
74,83
52,02
0
0
74,83
52,02
0
0
74,83
52,02
0
0
74,83
52,02
0
0
74,83
52,02
0
0
74,83
52,02
0
0
74,83
52,02
0
0
74,83
52,02
0
0
74,83
52,02
0
0
74,83
52,02
0
0
74,83
52,02
0
0
74,83
52,02
0
0
74,83
52,02
0
0
74,83
52,02
0
0
74,83
52,02
0
0
74,83
52,02
0
0
74,83
52,02
0
0
74,83
52,02
0
0
74,83
52,02
0
0
74,83
52,02
0
0
74,83
52,02
0
0
74,83
52,02
0
0
74,83
52,02
0
0
74,83
52,02
0
0
74,83
52,02
0
0
74,83
52,02
0
0
74,83
52,02
0
0
74,83
52,02
0
0
74,83
52,02
0
0
74,83
52,02
0
0
74,83
52,02
0
0
74,83
52,02
0
0
74,83
52,02
0
0
74,83
52,02
0
0
74,83
52,02
0
0
74,83
52,02
0
0
74,83
52,02
0
0
74,83
52,02
0
0
74,83
52,02
0
0
74,83
52,02
0
0
74,83
52,02
0
0
74,83
52,02
0
0
74,83
52,02
0
0
74,83
52,02
0
0
74,83
52,02
0
0
74,83
52,02
0
0
74,83
52,02
0
0
74,83
52,02
0
0
74,83
52,02
0
0
74,83
52,02
0
0
74,83
52,02
0
0
74,83
52,02
0
0
74,83
52,02
0
0
74,83
52,02
0
0
74,83
52,02
0
0
74,83
52,02
0
0
74,83
52,02
0
0
74,83
52,02
0
0
74,83
52,02
0
0
74,83
52,02
0
0
74,83
52,02
0
0
74,83
52,02
0
0
74,83
52,02
0
0
74,83
52,02
0
0
74,83
52,02
0
0
74,83
52,02
0
0
74,83
52,02
0
0
74,83
52,02
0
0
74,83
52,02
0
0
74,83
52,02
0
0
74,83
52,02
0
0
74,83
52,02
0
0
74,83
52,02
0
0
74,83
52,02
0
0
